p cnf 800 6480
-1 -9 0
-1 -17 0
-1 -25 0
-1 -33 0
-1 -41 0
-1 -49 0
-1 -57 0
-1 -65 0
-1 -73 0
-9 -17 0
-9 -25 0
-9 -33 0
-9 -41 0
-9 -49 0
-9 -57 0
-9 -65 0
-9 -73 0
-17 -25 0
-17 -33 0
-17 -41 0
-17 -49 0
-17 -57 0
-17 -65 0
-17 -73 0
-25 -33 0
-25 -41 0
-25 -49 0
-25 -57 0
-25 -65 0
-25 -73 0
-33 -41 0
-33 -49 0
-33 -57 0
-33 -65 0
-33 -73 0
-41 -49 0
-41 -57 0
-41 -65 0
-41 -73 0
-49 -57 0
-49 -65 0
-49 -73 0
-57 -65 0
-57 -73 0
-65 -73 0
-2 -10 0
-2 -18 0
-2 -26 0
-2 -34 0
-2 -42 0
-2 -50 0
-2 -58 0
-2 -66 0
-2 -74 0
-10 -18 0
-10 -26 0
-10 -34 0
-10 -42 0
-10 -50 0
-10 -58 0
-10 -66 0
-10 -74 0
-18 -26 0
-18 -34 0
-18 -42 0
-18 -50 0
-18 -58 0
-18 -66 0
-18 -74 0
-26 -34 0
-26 -42 0
-26 -50 0
-26 -58 0
-26 -66 0
-26 -74 0
-34 -42 0
-34 -50 0
-34 -58 0
-34 -66 0
-34 -74 0
-42 -50 0
-42 -58 0
-42 -66 0
-42 -74 0
-50 -58 0
-50 -66 0
-50 -74 0
-58 -66 0
-58 -74 0
-66 -74 0
-3 -11 0
-3 -19 0
-3 -27 0
-3 -35 0
-3 -43 0
-3 -51 0
-3 -59 0
-3 -67 0
-3 -75 0
-11 -19 0
-11 -27 0
-11 -35 0
-11 -43 0
-11 -51 0
-11 -59 0
-11 -67 0
-11 -75 0
-19 -27 0
-19 -35 0
-19 -43 0
-19 -51 0
-19 -59 0
-19 -67 0
-19 -75 0
-27 -35 0
-27 -43 0
-27 -51 0
-27 -59 0
-27 -67 0
-27 -75 0
-35 -43 0
-35 -51 0
-35 -59 0
-35 -67 0
-35 -75 0
-43 -51 0
-43 -59 0
-43 -67 0
-43 -75 0
-51 -59 0
-51 -67 0
-51 -75 0
-59 -67 0
-59 -75 0
-67 -75 0
-4 -12 0
-4 -20 0
-4 -28 0
-4 -36 0
-4 -44 0
-4 -52 0
-4 -60 0
-4 -68 0
-4 -76 0
-12 -20 0
-12 -28 0
-12 -36 0
-12 -44 0
-12 -52 0
-12 -60 0
-12 -68 0
-12 -76 0
-20 -28 0
-20 -36 0
-20 -44 0
-20 -52 0
-20 -60 0
-20 -68 0
-20 -76 0
-28 -36 0
-28 -44 0
-28 -52 0
-28 -60 0
-28 -68 0
-28 -76 0
-36 -44 0
-36 -52 0
-36 -60 0
-36 -68 0
-36 -76 0
-44 -52 0
-44 -60 0
-44 -68 0
-44 -76 0
-52 -60 0
-52 -68 0
-52 -76 0
-60 -68 0
-60 -76 0
-68 -76 0
-5 -13 0
-5 -21 0
-5 -29 0
-5 -37 0
-5 -45 0
-5 -53 0
-5 -61 0
-5 -69 0
-5 -77 0
-13 -21 0
-13 -29 0
-13 -37 0
-13 -45 0
-13 -53 0
-13 -61 0
-13 -69 0
-13 -77 0
-21 -29 0
-21 -37 0
-21 -45 0
-21 -53 0
-21 -61 0
-21 -69 0
-21 -77 0
-29 -37 0
-29 -45 0
-29 -53 0
-29 -61 0
-29 -69 0
-29 -77 0
-37 -45 0
-37 -53 0
-37 -61 0
-37 -69 0
-37 -77 0
-45 -53 0
-45 -61 0
-45 -69 0
-45 -77 0
-53 -61 0
-53 -69 0
-53 -77 0
-61 -69 0
-61 -77 0
-69 -77 0
-6 -14 0
-6 -22 0
-6 -30 0
-6 -38 0
-6 -46 0
-6 -54 0
-6 -62 0
-6 -70 0
-6 -78 0
-14 -22 0
-14 -30 0
-14 -38 0
-14 -46 0
-14 -54 0
-14 -62 0
-14 -70 0
-14 -78 0
-22 -30 0
-22 -38 0
-22 -46 0
-22 -54 0
-22 -62 0
-22 -70 0
-22 -78 0
-30 -38 0
-30 -46 0
-30 -54 0
-30 -62 0
-30 -70 0
-30 -78 0
-38 -46 0
-38 -54 0
-38 -62 0
-38 -70 0
-38 -78 0
-46 -54 0
-46 -62 0
-46 -70 0
-46 -78 0
-54 -62 0
-54 -70 0
-54 -78 0
-62 -70 0
-62 -78 0
-70 -78 0
-7 -15 0
-7 -23 0
-7 -31 0
-7 -39 0
-7 -47 0
-7 -55 0
-7 -63 0
-7 -71 0
-7 -79 0
-15 -23 0
-15 -31 0
-15 -39 0
-15 -47 0
-15 -55 0
-15 -63 0
-15 -71 0
-15 -79 0
-23 -31 0
-23 -39 0
-23 -47 0
-23 -55 0
-23 -63 0
-23 -71 0
-23 -79 0
-31 -39 0
-31 -47 0
-31 -55 0
-31 -63 0
-31 -71 0
-31 -79 0
-39 -47 0
-39 -55 0
-39 -63 0
-39 -71 0
-39 -79 0
-47 -55 0
-47 -63 0
-47 -71 0
-47 -79 0
-55 -63 0
-55 -71 0
-55 -79 0
-63 -71 0
-63 -79 0
-71 -79 0
-8 -16 0
-8 -24 0
-8 -32 0
-8 -40 0
-8 -48 0
-8 -56 0
-8 -64 0
-8 -72 0
-8 -80 0
-16 -24 0
-16 -32 0
-16 -40 0
-16 -48 0
-16 -56 0
-16 -64 0
-16 -72 0
-16 -80 0
-24 -32 0
-24 -40 0
-24 -48 0
-24 -56 0
-24 -64 0
-24 -72 0
-24 -80 0
-32 -40 0
-32 -48 0
-32 -56 0
-32 -64 0
-32 -72 0
-32 -80 0
-40 -48 0
-40 -56 0
-40 -64 0
-40 -72 0
-40 -80 0
-48 -56 0
-48 -64 0
-48 -72 0
-48 -80 0
-56 -64 0
-56 -72 0
-56 -80 0
-64 -72 0
-64 -80 0
-72 -80 0
-81 -89 0
-81 -97 0
-81 -105 0
-81 -113 0
-81 -121 0
-81 -129 0
-81 -137 0
-81 -145 0
-81 -153 0
-89 -97 0
-89 -105 0
-89 -113 0
-89 -121 0
-89 -129 0
-89 -137 0
-89 -145 0
-89 -153 0
-97 -105 0
-97 -113 0
-97 -121 0
-97 -129 0
-97 -137 0
-97 -145 0
-97 -153 0
-105 -113 0
-105 -121 0
-105 -129 0
-105 -137 0
-105 -145 0
-105 -153 0
-113 -121 0
-113 -129 0
-113 -137 0
-113 -145 0
-113 -153 0
-121 -129 0
-121 -137 0
-121 -145 0
-121 -153 0
-129 -137 0
-129 -145 0
-129 -153 0
-137 -145 0
-137 -153 0
-145 -153 0
-82 -90 0
-82 -98 0
-82 -106 0
-82 -114 0
-82 -122 0
-82 -130 0
-82 -138 0
-82 -146 0
-82 -154 0
-90 -98 0
-90 -106 0
-90 -114 0
-90 -122 0
-90 -130 0
-90 -138 0
-90 -146 0
-90 -154 0
-98 -106 0
-98 -114 0
-98 -122 0
-98 -130 0
-98 -138 0
-98 -146 0
-98 -154 0
-106 -114 0
-106 -122 0
-106 -130 0
-106 -138 0
-106 -146 0
-106 -154 0
-114 -122 0
-114 -130 0
-114 -138 0
-114 -146 0
-114 -154 0
-122 -130 0
-122 -138 0
-122 -146 0
-122 -154 0
-130 -138 0
-130 -146 0
-130 -154 0
-138 -146 0
-138 -154 0
-146 -154 0
-83 -91 0
-83 -99 0
-83 -107 0
-83 -115 0
-83 -123 0
-83 -131 0
-83 -139 0
-83 -147 0
-83 -155 0
-91 -99 0
-91 -107 0
-91 -115 0
-91 -123 0
-91 -131 0
-91 -139 0
-91 -147 0
-91 -155 0
-99 -107 0
-99 -115 0
-99 -123 0
-99 -131 0
-99 -139 0
-99 -147 0
-99 -155 0
-107 -115 0
-107 -123 0
-107 -131 0
-107 -139 0
-107 -147 0
-107 -155 0
-115 -123 0
-115 -131 0
-115 -139 0
-115 -147 0
-115 -155 0
-123 -131 0
-123 -139 0
-123 -147 0
-123 -155 0
-131 -139 0
-131 -147 0
-131 -155 0
-139 -147 0
-139 -155 0
-147 -155 0
-84 -92 0
-84 -100 0
-84 -108 0
-84 -116 0
-84 -124 0
-84 -132 0
-84 -140 0
-84 -148 0
-84 -156 0
-92 -100 0
-92 -108 0
-92 -116 0
-92 -124 0
-92 -132 0
-92 -140 0
-92 -148 0
-92 -156 0
-100 -108 0
-100 -116 0
-100 -124 0
-100 -132 0
-100 -140 0
-100 -148 0
-100 -156 0
-108 -116 0
-108 -124 0
-108 -132 0
-108 -140 0
-108 -148 0
-108 -156 0
-116 -124 0
-116 -132 0
-116 -140 0
-116 -148 0
-116 -156 0
-124 -132 0
-124 -140 0
-124 -148 0
-124 -156 0
-132 -140 0
-132 -148 0
-132 -156 0
-140 -148 0
-140 -156 0
-148 -156 0
-85 -93 0
-85 -101 0
-85 -109 0
-85 -117 0
-85 -125 0
-85 -133 0
-85 -141 0
-85 -149 0
-85 -157 0
-93 -101 0
-93 -109 0
-93 -117 0
-93 -125 0
-93 -133 0
-93 -141 0
-93 -149 0
-93 -157 0
-101 -109 0
-101 -117 0
-101 -125 0
-101 -133 0
-101 -141 0
-101 -149 0
-101 -157 0
-109 -117 0
-109 -125 0
-109 -133 0
-109 -141 0
-109 -149 0
-109 -157 0
-117 -125 0
-117 -133 0
-117 -141 0
-117 -149 0
-117 -157 0
-125 -133 0
-125 -141 0
-125 -149 0
-125 -157 0
-133 -141 0
-133 -149 0
-133 -157 0
-141 -149 0
-141 -157 0
-149 -157 0
-86 -94 0
-86 -102 0
-86 -110 0
-86 -118 0
-86 -126 0
-86 -134 0
-86 -142 0
-86 -150 0
-86 -158 0
-94 -102 0
-94 -110 0
-94 -118 0
-94 -126 0
-94 -134 0
-94 -142 0
-94 -150 0
-94 -158 0
-102 -110 0
-102 -118 0
-102 -126 0
-102 -134 0
-102 -142 0
-102 -150 0
-102 -158 0
-110 -118 0
-110 -126 0
-110 -134 0
-110 -142 0
-110 -150 0
-110 -158 0
-118 -126 0
-118 -134 0
-118 -142 0
-118 -150 0
-118 -158 0
-126 -134 0
-126 -142 0
-126 -150 0
-126 -158 0
-134 -142 0
-134 -150 0
-134 -158 0
-142 -150 0
-142 -158 0
-150 -158 0
-87 -95 0
-87 -103 0
-87 -111 0
-87 -119 0
-87 -127 0
-87 -135 0
-87 -143 0
-87 -151 0
-87 -159 0
-95 -103 0
-95 -111 0
-95 -119 0
-95 -127 0
-95 -135 0
-95 -143 0
-95 -151 0
-95 -159 0
-103 -111 0
-103 -119 0
-103 -127 0
-103 -135 0
-103 -143 0
-103 -151 0
-103 -159 0
-111 -119 0
-111 -127 0
-111 -135 0
-111 -143 0
-111 -151 0
-111 -159 0
-119 -127 0
-119 -135 0
-119 -143 0
-119 -151 0
-119 -159 0
-127 -135 0
-127 -143 0
-127 -151 0
-127 -159 0
-135 -143 0
-135 -151 0
-135 -159 0
-143 -151 0
-143 -159 0
-151 -159 0
-88 -96 0
-88 -104 0
-88 -112 0
-88 -120 0
-88 -128 0
-88 -136 0
-88 -144 0
-88 -152 0
-88 -160 0
-96 -104 0
-96 -112 0
-96 -120 0
-96 -128 0
-96 -136 0
-96 -144 0
-96 -152 0
-96 -160 0
-104 -112 0
-104 -120 0
-104 -128 0
-104 -136 0
-104 -144 0
-104 -152 0
-104 -160 0
-112 -120 0
-112 -128 0
-112 -136 0
-112 -144 0
-112 -152 0
-112 -160 0
-120 -128 0
-120 -136 0
-120 -144 0
-120 -152 0
-120 -160 0
-128 -136 0
-128 -144 0
-128 -152 0
-128 -160 0
-136 -144 0
-136 -152 0
-136 -160 0
-144 -152 0
-144 -160 0
-152 -160 0
-161 -169 0
-161 -177 0
-161 -185 0
-161 -193 0
-161 -201 0
-161 -209 0
-161 -217 0
-161 -225 0
-161 -233 0
-169 -177 0
-169 -185 0
-169 -193 0
-169 -201 0
-169 -209 0
-169 -217 0
-169 -225 0
-169 -233 0
-177 -185 0
-177 -193 0
-177 -201 0
-177 -209 0
-177 -217 0
-177 -225 0
-177 -233 0
-185 -193 0
-185 -201 0
-185 -209 0
-185 -217 0
-185 -225 0
-185 -233 0
-193 -201 0
-193 -209 0
-193 -217 0
-193 -225 0
-193 -233 0
-201 -209 0
-201 -217 0
-201 -225 0
-201 -233 0
-209 -217 0
-209 -225 0
-209 -233 0
-217 -225 0
-217 -233 0
-225 -233 0
-162 -170 0
-162 -178 0
-162 -186 0
-162 -194 0
-162 -202 0
-162 -210 0
-162 -218 0
-162 -226 0
-162 -234 0
-170 -178 0
-170 -186 0
-170 -194 0
-170 -202 0
-170 -210 0
-170 -218 0
-170 -226 0
-170 -234 0
-178 -186 0
-178 -194 0
-178 -202 0
-178 -210 0
-178 -218 0
-178 -226 0
-178 -234 0
-186 -194 0
-186 -202 0
-186 -210 0
-186 -218 0
-186 -226 0
-186 -234 0
-194 -202 0
-194 -210 0
-194 -218 0
-194 -226 0
-194 -234 0
-202 -210 0
-202 -218 0
-202 -226 0
-202 -234 0
-210 -218 0
-210 -226 0
-210 -234 0
-218 -226 0
-218 -234 0
-226 -234 0
-163 -171 0
-163 -179 0
-163 -187 0
-163 -195 0
-163 -203 0
-163 -211 0
-163 -219 0
-163 -227 0
-163 -235 0
-171 -179 0
-171 -187 0
-171 -195 0
-171 -203 0
-171 -211 0
-171 -219 0
-171 -227 0
-171 -235 0
-179 -187 0
-179 -195 0
-179 -203 0
-179 -211 0
-179 -219 0
-179 -227 0
-179 -235 0
-187 -195 0
-187 -203 0
-187 -211 0
-187 -219 0
-187 -227 0
-187 -235 0
-195 -203 0
-195 -211 0
-195 -219 0
-195 -227 0
-195 -235 0
-203 -211 0
-203 -219 0
-203 -227 0
-203 -235 0
-211 -219 0
-211 -227 0
-211 -235 0
-219 -227 0
-219 -235 0
-227 -235 0
-164 -172 0
-164 -180 0
-164 -188 0
-164 -196 0
-164 -204 0
-164 -212 0
-164 -220 0
-164 -228 0
-164 -236 0
-172 -180 0
-172 -188 0
-172 -196 0
-172 -204 0
-172 -212 0
-172 -220 0
-172 -228 0
-172 -236 0
-180 -188 0
-180 -196 0
-180 -204 0
-180 -212 0
-180 -220 0
-180 -228 0
-180 -236 0
-188 -196 0
-188 -204 0
-188 -212 0
-188 -220 0
-188 -228 0
-188 -236 0
-196 -204 0
-196 -212 0
-196 -220 0
-196 -228 0
-196 -236 0
-204 -212 0
-204 -220 0
-204 -228 0
-204 -236 0
-212 -220 0
-212 -228 0
-212 -236 0
-220 -228 0
-220 -236 0
-228 -236 0
-165 -173 0
-165 -181 0
-165 -189 0
-165 -197 0
-165 -205 0
-165 -213 0
-165 -221 0
-165 -229 0
-165 -237 0
-173 -181 0
-173 -189 0
-173 -197 0
-173 -205 0
-173 -213 0
-173 -221 0
-173 -229 0
-173 -237 0
-181 -189 0
-181 -197 0
-181 -205 0
-181 -213 0
-181 -221 0
-181 -229 0
-181 -237 0
-189 -197 0
-189 -205 0
-189 -213 0
-189 -221 0
-189 -229 0
-189 -237 0
-197 -205 0
-197 -213 0
-197 -221 0
-197 -229 0
-197 -237 0
-205 -213 0
-205 -221 0
-205 -229 0
-205 -237 0
-213 -221 0
-213 -229 0
-213 -237 0
-221 -229 0
-221 -237 0
-229 -237 0
-166 -174 0
-166 -182 0
-166 -190 0
-166 -198 0
-166 -206 0
-166 -214 0
-166 -222 0
-166 -230 0
-166 -238 0
-174 -182 0
-174 -190 0
-174 -198 0
-174 -206 0
-174 -214 0
-174 -222 0
-174 -230 0
-174 -238 0
-182 -190 0
-182 -198 0
-182 -206 0
-182 -214 0
-182 -222 0
-182 -230 0
-182 -238 0
-190 -198 0
-190 -206 0
-190 -214 0
-190 -222 0
-190 -230 0
-190 -238 0
-198 -206 0
-198 -214 0
-198 -222 0
-198 -230 0
-198 -238 0
-206 -214 0
-206 -222 0
-206 -230 0
-206 -238 0
-214 -222 0
-214 -230 0
-214 -238 0
-222 -230 0
-222 -238 0
-230 -238 0
-167 -175 0
-167 -183 0
-167 -191 0
-167 -199 0
-167 -207 0
-167 -215 0
-167 -223 0
-167 -231 0
-167 -239 0
-175 -183 0
-175 -191 0
-175 -199 0
-175 -207 0
-175 -215 0
-175 -223 0
-175 -231 0
-175 -239 0
-183 -191 0
-183 -199 0
-183 -207 0
-183 -215 0
-183 -223 0
-183 -231 0
-183 -239 0
-191 -199 0
-191 -207 0
-191 -215 0
-191 -223 0
-191 -231 0
-191 -239 0
-199 -207 0
-199 -215 0
-199 -223 0
-199 -231 0
-199 -239 0
-207 -215 0
-207 -223 0
-207 -231 0
-207 -239 0
-215 -223 0
-215 -231 0
-215 -239 0
-223 -231 0
-223 -239 0
-231 -239 0
-168 -176 0
-168 -184 0
-168 -192 0
-168 -200 0
-168 -208 0
-168 -216 0
-168 -224 0
-168 -232 0
-168 -240 0
-176 -184 0
-176 -192 0
-176 -200 0
-176 -208 0
-176 -216 0
-176 -224 0
-176 -232 0
-176 -240 0
-184 -192 0
-184 -200 0
-184 -208 0
-184 -216 0
-184 -224 0
-184 -232 0
-184 -240 0
-192 -200 0
-192 -208 0
-192 -216 0
-192 -224 0
-192 -232 0
-192 -240 0
-200 -208 0
-200 -216 0
-200 -224 0
-200 -232 0
-200 -240 0
-208 -216 0
-208 -224 0
-208 -232 0
-208 -240 0
-216 -224 0
-216 -232 0
-216 -240 0
-224 -232 0
-224 -240 0
-232 -240 0
-241 -249 0
-241 -257 0
-241 -265 0
-241 -273 0
-241 -281 0
-241 -289 0
-241 -297 0
-241 -305 0
-241 -313 0
-249 -257 0
-249 -265 0
-249 -273 0
-249 -281 0
-249 -289 0
-249 -297 0
-249 -305 0
-249 -313 0
-257 -265 0
-257 -273 0
-257 -281 0
-257 -289 0
-257 -297 0
-257 -305 0
-257 -313 0
-265 -273 0
-265 -281 0
-265 -289 0
-265 -297 0
-265 -305 0
-265 -313 0
-273 -281 0
-273 -289 0
-273 -297 0
-273 -305 0
-273 -313 0
-281 -289 0
-281 -297 0
-281 -305 0
-281 -313 0
-289 -297 0
-289 -305 0
-289 -313 0
-297 -305 0
-297 -313 0
-305 -313 0
-242 -250 0
-242 -258 0
-242 -266 0
-242 -274 0
-242 -282 0
-242 -290 0
-242 -298 0
-242 -306 0
-242 -314 0
-250 -258 0
-250 -266 0
-250 -274 0
-250 -282 0
-250 -290 0
-250 -298 0
-250 -306 0
-250 -314 0
-258 -266 0
-258 -274 0
-258 -282 0
-258 -290 0
-258 -298 0
-258 -306 0
-258 -314 0
-266 -274 0
-266 -282 0
-266 -290 0
-266 -298 0
-266 -306 0
-266 -314 0
-274 -282 0
-274 -290 0
-274 -298 0
-274 -306 0
-274 -314 0
-282 -290 0
-282 -298 0
-282 -306 0
-282 -314 0
-290 -298 0
-290 -306 0
-290 -314 0
-298 -306 0
-298 -314 0
-306 -314 0
-243 -251 0
-243 -259 0
-243 -267 0
-243 -275 0
-243 -283 0
-243 -291 0
-243 -299 0
-243 -307 0
-243 -315 0
-251 -259 0
-251 -267 0
-251 -275 0
-251 -283 0
-251 -291 0
-251 -299 0
-251 -307 0
-251 -315 0
-259 -267 0
-259 -275 0
-259 -283 0
-259 -291 0
-259 -299 0
-259 -307 0
-259 -315 0
-267 -275 0
-267 -283 0
-267 -291 0
-267 -299 0
-267 -307 0
-267 -315 0
-275 -283 0
-275 -291 0
-275 -299 0
-275 -307 0
-275 -315 0
-283 -291 0
-283 -299 0
-283 -307 0
-283 -315 0
-291 -299 0
-291 -307 0
-291 -315 0
-299 -307 0
-299 -315 0
-307 -315 0
-244 -252 0
-244 -260 0
-244 -268 0
-244 -276 0
-244 -284 0
-244 -292 0
-244 -300 0
-244 -308 0
-244 -316 0
-252 -260 0
-252 -268 0
-252 -276 0
-252 -284 0
-252 -292 0
-252 -300 0
-252 -308 0
-252 -316 0
-260 -268 0
-260 -276 0
-260 -284 0
-260 -292 0
-260 -300 0
-260 -308 0
-260 -316 0
-268 -276 0
-268 -284 0
-268 -292 0
-268 -300 0
-268 -308 0
-268 -316 0
-276 -284 0
-276 -292 0
-276 -300 0
-276 -308 0
-276 -316 0
-284 -292 0
-284 -300 0
-284 -308 0
-284 -316 0
-292 -300 0
-292 -308 0
-292 -316 0
-300 -308 0
-300 -316 0
-308 -316 0
-245 -253 0
-245 -261 0
-245 -269 0
-245 -277 0
-245 -285 0
-245 -293 0
-245 -301 0
-245 -309 0
-245 -317 0
-253 -261 0
-253 -269 0
-253 -277 0
-253 -285 0
-253 -293 0
-253 -301 0
-253 -309 0
-253 -317 0
-261 -269 0
-261 -277 0
-261 -285 0
-261 -293 0
-261 -301 0
-261 -309 0
-261 -317 0
-269 -277 0
-269 -285 0
-269 -293 0
-269 -301 0
-269 -309 0
-269 -317 0
-277 -285 0
-277 -293 0
-277 -301 0
-277 -309 0
-277 -317 0
-285 -293 0
-285 -301 0
-285 -309 0
-285 -317 0
-293 -301 0
-293 -309 0
-293 -317 0
-301 -309 0
-301 -317 0
-309 -317 0
-246 -254 0
-246 -262 0
-246 -270 0
-246 -278 0
-246 -286 0
-246 -294 0
-246 -302 0
-246 -310 0
-246 -318 0
-254 -262 0
-254 -270 0
-254 -278 0
-254 -286 0
-254 -294 0
-254 -302 0
-254 -310 0
-254 -318 0
-262 -270 0
-262 -278 0
-262 -286 0
-262 -294 0
-262 -302 0
-262 -310 0
-262 -318 0
-270 -278 0
-270 -286 0
-270 -294 0
-270 -302 0
-270 -310 0
-270 -318 0
-278 -286 0
-278 -294 0
-278 -302 0
-278 -310 0
-278 -318 0
-286 -294 0
-286 -302 0
-286 -310 0
-286 -318 0
-294 -302 0
-294 -310 0
-294 -318 0
-302 -310 0
-302 -318 0
-310 -318 0
-247 -255 0
-247 -263 0
-247 -271 0
-247 -279 0
-247 -287 0
-247 -295 0
-247 -303 0
-247 -311 0
-247 -319 0
-255 -263 0
-255 -271 0
-255 -279 0
-255 -287 0
-255 -295 0
-255 -303 0
-255 -311 0
-255 -319 0
-263 -271 0
-263 -279 0
-263 -287 0
-263 -295 0
-263 -303 0
-263 -311 0
-263 -319 0
-271 -279 0
-271 -287 0
-271 -295 0
-271 -303 0
-271 -311 0
-271 -319 0
-279 -287 0
-279 -295 0
-279 -303 0
-279 -311 0
-279 -319 0
-287 -295 0
-287 -303 0
-287 -311 0
-287 -319 0
-295 -303 0
-295 -311 0
-295 -319 0
-303 -311 0
-303 -319 0
-311 -319 0
-248 -256 0
-248 -264 0
-248 -272 0
-248 -280 0
-248 -288 0
-248 -296 0
-248 -304 0
-248 -312 0
-248 -320 0
-256 -264 0
-256 -272 0
-256 -280 0
-256 -288 0
-256 -296 0
-256 -304 0
-256 -312 0
-256 -320 0
-264 -272 0
-264 -280 0
-264 -288 0
-264 -296 0
-264 -304 0
-264 -312 0
-264 -320 0
-272 -280 0
-272 -288 0
-272 -296 0
-272 -304 0
-272 -312 0
-272 -320 0
-280 -288 0
-280 -296 0
-280 -304 0
-280 -312 0
-280 -320 0
-288 -296 0
-288 -304 0
-288 -312 0
-288 -320 0
-296 -304 0
-296 -312 0
-296 -320 0
-304 -312 0
-304 -320 0
-312 -320 0
-321 -329 0
-321 -337 0
-321 -345 0
-321 -353 0
-321 -361 0
-321 -369 0
-321 -377 0
-321 -385 0
-321 -393 0
-329 -337 0
-329 -345 0
-329 -353 0
-329 -361 0
-329 -369 0
-329 -377 0
-329 -385 0
-329 -393 0
-337 -345 0
-337 -353 0
-337 -361 0
-337 -369 0
-337 -377 0
-337 -385 0
-337 -393 0
-345 -353 0
-345 -361 0
-345 -369 0
-345 -377 0
-345 -385 0
-345 -393 0
-353 -361 0
-353 -369 0
-353 -377 0
-353 -385 0
-353 -393 0
-361 -369 0
-361 -377 0
-361 -385 0
-361 -393 0
-369 -377 0
-369 -385 0
-369 -393 0
-377 -385 0
-377 -393 0
-385 -393 0
-322 -330 0
-322 -338 0
-322 -346 0
-322 -354 0
-322 -362 0
-322 -370 0
-322 -378 0
-322 -386 0
-322 -394 0
-330 -338 0
-330 -346 0
-330 -354 0
-330 -362 0
-330 -370 0
-330 -378 0
-330 -386 0
-330 -394 0
-338 -346 0
-338 -354 0
-338 -362 0
-338 -370 0
-338 -378 0
-338 -386 0
-338 -394 0
-346 -354 0
-346 -362 0
-346 -370 0
-346 -378 0
-346 -386 0
-346 -394 0
-354 -362 0
-354 -370 0
-354 -378 0
-354 -386 0
-354 -394 0
-362 -370 0
-362 -378 0
-362 -386 0
-362 -394 0
-370 -378 0
-370 -386 0
-370 -394 0
-378 -386 0
-378 -394 0
-386 -394 0
-323 -331 0
-323 -339 0
-323 -347 0
-323 -355 0
-323 -363 0
-323 -371 0
-323 -379 0
-323 -387 0
-323 -395 0
-331 -339 0
-331 -347 0
-331 -355 0
-331 -363 0
-331 -371 0
-331 -379 0
-331 -387 0
-331 -395 0
-339 -347 0
-339 -355 0
-339 -363 0
-339 -371 0
-339 -379 0
-339 -387 0
-339 -395 0
-347 -355 0
-347 -363 0
-347 -371 0
-347 -379 0
-347 -387 0
-347 -395 0
-355 -363 0
-355 -371 0
-355 -379 0
-355 -387 0
-355 -395 0
-363 -371 0
-363 -379 0
-363 -387 0
-363 -395 0
-371 -379 0
-371 -387 0
-371 -395 0
-379 -387 0
-379 -395 0
-387 -395 0
-324 -332 0
-324 -340 0
-324 -348 0
-324 -356 0
-324 -364 0
-324 -372 0
-324 -380 0
-324 -388 0
-324 -396 0
-332 -340 0
-332 -348 0
-332 -356 0
-332 -364 0
-332 -372 0
-332 -380 0
-332 -388 0
-332 -396 0
-340 -348 0
-340 -356 0
-340 -364 0
-340 -372 0
-340 -380 0
-340 -388 0
-340 -396 0
-348 -356 0
-348 -364 0
-348 -372 0
-348 -380 0
-348 -388 0
-348 -396 0
-356 -364 0
-356 -372 0
-356 -380 0
-356 -388 0
-356 -396 0
-364 -372 0
-364 -380 0
-364 -388 0
-364 -396 0
-372 -380 0
-372 -388 0
-372 -396 0
-380 -388 0
-380 -396 0
-388 -396 0
-325 -333 0
-325 -341 0
-325 -349 0
-325 -357 0
-325 -365 0
-325 -373 0
-325 -381 0
-325 -389 0
-325 -397 0
-333 -341 0
-333 -349 0
-333 -357 0
-333 -365 0
-333 -373 0
-333 -381 0
-333 -389 0
-333 -397 0
-341 -349 0
-341 -357 0
-341 -365 0
-341 -373 0
-341 -381 0
-341 -389 0
-341 -397 0
-349 -357 0
-349 -365 0
-349 -373 0
-349 -381 0
-349 -389 0
-349 -397 0
-357 -365 0
-357 -373 0
-357 -381 0
-357 -389 0
-357 -397 0
-365 -373 0
-365 -381 0
-365 -389 0
-365 -397 0
-373 -381 0
-373 -389 0
-373 -397 0
-381 -389 0
-381 -397 0
-389 -397 0
-326 -334 0
-326 -342 0
-326 -350 0
-326 -358 0
-326 -366 0
-326 -374 0
-326 -382 0
-326 -390 0
-326 -398 0
-334 -342 0
-334 -350 0
-334 -358 0
-334 -366 0
-334 -374 0
-334 -382 0
-334 -390 0
-334 -398 0
-342 -350 0
-342 -358 0
-342 -366 0
-342 -374 0
-342 -382 0
-342 -390 0
-342 -398 0
-350 -358 0
-350 -366 0
-350 -374 0
-350 -382 0
-350 -390 0
-350 -398 0
-358 -366 0
-358 -374 0
-358 -382 0
-358 -390 0
-358 -398 0
-366 -374 0
-366 -382 0
-366 -390 0
-366 -398 0
-374 -382 0
-374 -390 0
-374 -398 0
-382 -390 0
-382 -398 0
-390 -398 0
-327 -335 0
-327 -343 0
-327 -351 0
-327 -359 0
-327 -367 0
-327 -375 0
-327 -383 0
-327 -391 0
-327 -399 0
-335 -343 0
-335 -351 0
-335 -359 0
-335 -367 0
-335 -375 0
-335 -383 0
-335 -391 0
-335 -399 0
-343 -351 0
-343 -359 0
-343 -367 0
-343 -375 0
-343 -383 0
-343 -391 0
-343 -399 0
-351 -359 0
-351 -367 0
-351 -375 0
-351 -383 0
-351 -391 0
-351 -399 0
-359 -367 0
-359 -375 0
-359 -383 0
-359 -391 0
-359 -399 0
-367 -375 0
-367 -383 0
-367 -391 0
-367 -399 0
-375 -383 0
-375 -391 0
-375 -399 0
-383 -391 0
-383 -399 0
-391 -399 0
-328 -336 0
-328 -344 0
-328 -352 0
-328 -360 0
-328 -368 0
-328 -376 0
-328 -384 0
-328 -392 0
-328 -400 0
-336 -344 0
-336 -352 0
-336 -360 0
-336 -368 0
-336 -376 0
-336 -384 0
-336 -392 0
-336 -400 0
-344 -352 0
-344 -360 0
-344 -368 0
-344 -376 0
-344 -384 0
-344 -392 0
-344 -400 0
-352 -360 0
-352 -368 0
-352 -376 0
-352 -384 0
-352 -392 0
-352 -400 0
-360 -368 0
-360 -376 0
-360 -384 0
-360 -392 0
-360 -400 0
-368 -376 0
-368 -384 0
-368 -392 0
-368 -400 0
-376 -384 0
-376 -392 0
-376 -400 0
-384 -392 0
-384 -400 0
-392 -400 0
-401 -409 0
-401 -417 0
-401 -425 0
-401 -433 0
-401 -441 0
-401 -449 0
-401 -457 0
-401 -465 0
-401 -473 0
-409 -417 0
-409 -425 0
-409 -433 0
-409 -441 0
-409 -449 0
-409 -457 0
-409 -465 0
-409 -473 0
-417 -425 0
-417 -433 0
-417 -441 0
-417 -449 0
-417 -457 0
-417 -465 0
-417 -473 0
-425 -433 0
-425 -441 0
-425 -449 0
-425 -457 0
-425 -465 0
-425 -473 0
-433 -441 0
-433 -449 0
-433 -457 0
-433 -465 0
-433 -473 0
-441 -449 0
-441 -457 0
-441 -465 0
-441 -473 0
-449 -457 0
-449 -465 0
-449 -473 0
-457 -465 0
-457 -473 0
-465 -473 0
-402 -410 0
-402 -418 0
-402 -426 0
-402 -434 0
-402 -442 0
-402 -450 0
-402 -458 0
-402 -466 0
-402 -474 0
-410 -418 0
-410 -426 0
-410 -434 0
-410 -442 0
-410 -450 0
-410 -458 0
-410 -466 0
-410 -474 0
-418 -426 0
-418 -434 0
-418 -442 0
-418 -450 0
-418 -458 0
-418 -466 0
-418 -474 0
-426 -434 0
-426 -442 0
-426 -450 0
-426 -458 0
-426 -466 0
-426 -474 0
-434 -442 0
-434 -450 0
-434 -458 0
-434 -466 0
-434 -474 0
-442 -450 0
-442 -458 0
-442 -466 0
-442 -474 0
-450 -458 0
-450 -466 0
-450 -474 0
-458 -466 0
-458 -474 0
-466 -474 0
-403 -411 0
-403 -419 0
-403 -427 0
-403 -435 0
-403 -443 0
-403 -451 0
-403 -459 0
-403 -467 0
-403 -475 0
-411 -419 0
-411 -427 0
-411 -435 0
-411 -443 0
-411 -451 0
-411 -459 0
-411 -467 0
-411 -475 0
-419 -427 0
-419 -435 0
-419 -443 0
-419 -451 0
-419 -459 0
-419 -467 0
-419 -475 0
-427 -435 0
-427 -443 0
-427 -451 0
-427 -459 0
-427 -467 0
-427 -475 0
-435 -443 0
-435 -451 0
-435 -459 0
-435 -467 0
-435 -475 0
-443 -451 0
-443 -459 0
-443 -467 0
-443 -475 0
-451 -459 0
-451 -467 0
-451 -475 0
-459 -467 0
-459 -475 0
-467 -475 0
-404 -412 0
-404 -420 0
-404 -428 0
-404 -436 0
-404 -444 0
-404 -452 0
-404 -460 0
-404 -468 0
-404 -476 0
-412 -420 0
-412 -428 0
-412 -436 0
-412 -444 0
-412 -452 0
-412 -460 0
-412 -468 0
-412 -476 0
-420 -428 0
-420 -436 0
-420 -444 0
-420 -452 0
-420 -460 0
-420 -468 0
-420 -476 0
-428 -436 0
-428 -444 0
-428 -452 0
-428 -460 0
-428 -468 0
-428 -476 0
-436 -444 0
-436 -452 0
-436 -460 0
-436 -468 0
-436 -476 0
-444 -452 0
-444 -460 0
-444 -468 0
-444 -476 0
-452 -460 0
-452 -468 0
-452 -476 0
-460 -468 0
-460 -476 0
-468 -476 0
-405 -413 0
-405 -421 0
-405 -429 0
-405 -437 0
-405 -445 0
-405 -453 0
-405 -461 0
-405 -469 0
-405 -477 0
-413 -421 0
-413 -429 0
-413 -437 0
-413 -445 0
-413 -453 0
-413 -461 0
-413 -469 0
-413 -477 0
-421 -429 0
-421 -437 0
-421 -445 0
-421 -453 0
-421 -461 0
-421 -469 0
-421 -477 0
-429 -437 0
-429 -445 0
-429 -453 0
-429 -461 0
-429 -469 0
-429 -477 0
-437 -445 0
-437 -453 0
-437 -461 0
-437 -469 0
-437 -477 0
-445 -453 0
-445 -461 0
-445 -469 0
-445 -477 0
-453 -461 0
-453 -469 0
-453 -477 0
-461 -469 0
-461 -477 0
-469 -477 0
-406 -414 0
-406 -422 0
-406 -430 0
-406 -438 0
-406 -446 0
-406 -454 0
-406 -462 0
-406 -470 0
-406 -478 0
-414 -422 0
-414 -430 0
-414 -438 0
-414 -446 0
-414 -454 0
-414 -462 0
-414 -470 0
-414 -478 0
-422 -430 0
-422 -438 0
-422 -446 0
-422 -454 0
-422 -462 0
-422 -470 0
-422 -478 0
-430 -438 0
-430 -446 0
-430 -454 0
-430 -462 0
-430 -470 0
-430 -478 0
-438 -446 0
-438 -454 0
-438 -462 0
-438 -470 0
-438 -478 0
-446 -454 0
-446 -462 0
-446 -470 0
-446 -478 0
-454 -462 0
-454 -470 0
-454 -478 0
-462 -470 0
-462 -478 0
-470 -478 0
-407 -415 0
-407 -423 0
-407 -431 0
-407 -439 0
-407 -447 0
-407 -455 0
-407 -463 0
-407 -471 0
-407 -479 0
-415 -423 0
-415 -431 0
-415 -439 0
-415 -447 0
-415 -455 0
-415 -463 0
-415 -471 0
-415 -479 0
-423 -431 0
-423 -439 0
-423 -447 0
-423 -455 0
-423 -463 0
-423 -471 0
-423 -479 0
-431 -439 0
-431 -447 0
-431 -455 0
-431 -463 0
-431 -471 0
-431 -479 0
-439 -447 0
-439 -455 0
-439 -463 0
-439 -471 0
-439 -479 0
-447 -455 0
-447 -463 0
-447 -471 0
-447 -479 0
-455 -463 0
-455 -471 0
-455 -479 0
-463 -471 0
-463 -479 0
-471 -479 0
-408 -416 0
-408 -424 0
-408 -432 0
-408 -440 0
-408 -448 0
-408 -456 0
-408 -464 0
-408 -472 0
-408 -480 0
-416 -424 0
-416 -432 0
-416 -440 0
-416 -448 0
-416 -456 0
-416 -464 0
-416 -472 0
-416 -480 0
-424 -432 0
-424 -440 0
-424 -448 0
-424 -456 0
-424 -464 0
-424 -472 0
-424 -480 0
-432 -440 0
-432 -448 0
-432 -456 0
-432 -464 0
-432 -472 0
-432 -480 0
-440 -448 0
-440 -456 0
-440 -464 0
-440 -472 0
-440 -480 0
-448 -456 0
-448 -464 0
-448 -472 0
-448 -480 0
-456 -464 0
-456 -472 0
-456 -480 0
-464 -472 0
-464 -480 0
-472 -480 0
-481 -489 0
-481 -497 0
-481 -505 0
-481 -513 0
-481 -521 0
-481 -529 0
-481 -537 0
-481 -545 0
-481 -553 0
-489 -497 0
-489 -505 0
-489 -513 0
-489 -521 0
-489 -529 0
-489 -537 0
-489 -545 0
-489 -553 0
-497 -505 0
-497 -513 0
-497 -521 0
-497 -529 0
-497 -537 0
-497 -545 0
-497 -553 0
-505 -513 0
-505 -521 0
-505 -529 0
-505 -537 0
-505 -545 0
-505 -553 0
-513 -521 0
-513 -529 0
-513 -537 0
-513 -545 0
-513 -553 0
-521 -529 0
-521 -537 0
-521 -545 0
-521 -553 0
-529 -537 0
-529 -545 0
-529 -553 0
-537 -545 0
-537 -553 0
-545 -553 0
-482 -490 0
-482 -498 0
-482 -506 0
-482 -514 0
-482 -522 0
-482 -530 0
-482 -538 0
-482 -546 0
-482 -554 0
-490 -498 0
-490 -506 0
-490 -514 0
-490 -522 0
-490 -530 0
-490 -538 0
-490 -546 0
-490 -554 0
-498 -506 0
-498 -514 0
-498 -522 0
-498 -530 0
-498 -538 0
-498 -546 0
-498 -554 0
-506 -514 0
-506 -522 0
-506 -530 0
-506 -538 0
-506 -546 0
-506 -554 0
-514 -522 0
-514 -530 0
-514 -538 0
-514 -546 0
-514 -554 0
-522 -530 0
-522 -538 0
-522 -546 0
-522 -554 0
-530 -538 0
-530 -546 0
-530 -554 0
-538 -546 0
-538 -554 0
-546 -554 0
-483 -491 0
-483 -499 0
-483 -507 0
-483 -515 0
-483 -523 0
-483 -531 0
-483 -539 0
-483 -547 0
-483 -555 0
-491 -499 0
-491 -507 0
-491 -515 0
-491 -523 0
-491 -531 0
-491 -539 0
-491 -547 0
-491 -555 0
-499 -507 0
-499 -515 0
-499 -523 0
-499 -531 0
-499 -539 0
-499 -547 0
-499 -555 0
-507 -515 0
-507 -523 0
-507 -531 0
-507 -539 0
-507 -547 0
-507 -555 0
-515 -523 0
-515 -531 0
-515 -539 0
-515 -547 0
-515 -555 0
-523 -531 0
-523 -539 0
-523 -547 0
-523 -555 0
-531 -539 0
-531 -547 0
-531 -555 0
-539 -547 0
-539 -555 0
-547 -555 0
-484 -492 0
-484 -500 0
-484 -508 0
-484 -516 0
-484 -524 0
-484 -532 0
-484 -540 0
-484 -548 0
-484 -556 0
-492 -500 0
-492 -508 0
-492 -516 0
-492 -524 0
-492 -532 0
-492 -540 0
-492 -548 0
-492 -556 0
-500 -508 0
-500 -516 0
-500 -524 0
-500 -532 0
-500 -540 0
-500 -548 0
-500 -556 0
-508 -516 0
-508 -524 0
-508 -532 0
-508 -540 0
-508 -548 0
-508 -556 0
-516 -524 0
-516 -532 0
-516 -540 0
-516 -548 0
-516 -556 0
-524 -532 0
-524 -540 0
-524 -548 0
-524 -556 0
-532 -540 0
-532 -548 0
-532 -556 0
-540 -548 0
-540 -556 0
-548 -556 0
-485 -493 0
-485 -501 0
-485 -509 0
-485 -517 0
-485 -525 0
-485 -533 0
-485 -541 0
-485 -549 0
-485 -557 0
-493 -501 0
-493 -509 0
-493 -517 0
-493 -525 0
-493 -533 0
-493 -541 0
-493 -549 0
-493 -557 0
-501 -509 0
-501 -517 0
-501 -525 0
-501 -533 0
-501 -541 0
-501 -549 0
-501 -557 0
-509 -517 0
-509 -525 0
-509 -533 0
-509 -541 0
-509 -549 0
-509 -557 0
-517 -525 0
-517 -533 0
-517 -541 0
-517 -549 0
-517 -557 0
-525 -533 0
-525 -541 0
-525 -549 0
-525 -557 0
-533 -541 0
-533 -549 0
-533 -557 0
-541 -549 0
-541 -557 0
-549 -557 0
-486 -494 0
-486 -502 0
-486 -510 0
-486 -518 0
-486 -526 0
-486 -534 0
-486 -542 0
-486 -550 0
-486 -558 0
-494 -502 0
-494 -510 0
-494 -518 0
-494 -526 0
-494 -534 0
-494 -542 0
-494 -550 0
-494 -558 0
-502 -510 0
-502 -518 0
-502 -526 0
-502 -534 0
-502 -542 0
-502 -550 0
-502 -558 0
-510 -518 0
-510 -526 0
-510 -534 0
-510 -542 0
-510 -550 0
-510 -558 0
-518 -526 0
-518 -534 0
-518 -542 0
-518 -550 0
-518 -558 0
-526 -534 0
-526 -542 0
-526 -550 0
-526 -558 0
-534 -542 0
-534 -550 0
-534 -558 0
-542 -550 0
-542 -558 0
-550 -558 0
-487 -495 0
-487 -503 0
-487 -511 0
-487 -519 0
-487 -527 0
-487 -535 0
-487 -543 0
-487 -551 0
-487 -559 0
-495 -503 0
-495 -511 0
-495 -519 0
-495 -527 0
-495 -535 0
-495 -543 0
-495 -551 0
-495 -559 0
-503 -511 0
-503 -519 0
-503 -527 0
-503 -535 0
-503 -543 0
-503 -551 0
-503 -559 0
-511 -519 0
-511 -527 0
-511 -535 0
-511 -543 0
-511 -551 0
-511 -559 0
-519 -527 0
-519 -535 0
-519 -543 0
-519 -551 0
-519 -559 0
-527 -535 0
-527 -543 0
-527 -551 0
-527 -559 0
-535 -543 0
-535 -551 0
-535 -559 0
-543 -551 0
-543 -559 0
-551 -559 0
-488 -496 0
-488 -504 0
-488 -512 0
-488 -520 0
-488 -528 0
-488 -536 0
-488 -544 0
-488 -552 0
-488 -560 0
-496 -504 0
-496 -512 0
-496 -520 0
-496 -528 0
-496 -536 0
-496 -544 0
-496 -552 0
-496 -560 0
-504 -512 0
-504 -520 0
-504 -528 0
-504 -536 0
-504 -544 0
-504 -552 0
-504 -560 0
-512 -520 0
-512 -528 0
-512 -536 0
-512 -544 0
-512 -552 0
-512 -560 0
-520 -528 0
-520 -536 0
-520 -544 0
-520 -552 0
-520 -560 0
-528 -536 0
-528 -544 0
-528 -552 0
-528 -560 0
-536 -544 0
-536 -552 0
-536 -560 0
-544 -552 0
-544 -560 0
-552 -560 0
-561 -569 0
-561 -577 0
-561 -585 0
-561 -593 0
-561 -601 0
-561 -609 0
-561 -617 0
-561 -625 0
-561 -633 0
-569 -577 0
-569 -585 0
-569 -593 0
-569 -601 0
-569 -609 0
-569 -617 0
-569 -625 0
-569 -633 0
-577 -585 0
-577 -593 0
-577 -601 0
-577 -609 0
-577 -617 0
-577 -625 0
-577 -633 0
-585 -593 0
-585 -601 0
-585 -609 0
-585 -617 0
-585 -625 0
-585 -633 0
-593 -601 0
-593 -609 0
-593 -617 0
-593 -625 0
-593 -633 0
-601 -609 0
-601 -617 0
-601 -625 0
-601 -633 0
-609 -617 0
-609 -625 0
-609 -633 0
-617 -625 0
-617 -633 0
-625 -633 0
-562 -570 0
-562 -578 0
-562 -586 0
-562 -594 0
-562 -602 0
-562 -610 0
-562 -618 0
-562 -626 0
-562 -634 0
-570 -578 0
-570 -586 0
-570 -594 0
-570 -602 0
-570 -610 0
-570 -618 0
-570 -626 0
-570 -634 0
-578 -586 0
-578 -594 0
-578 -602 0
-578 -610 0
-578 -618 0
-578 -626 0
-578 -634 0
-586 -594 0
-586 -602 0
-586 -610 0
-586 -618 0
-586 -626 0
-586 -634 0
-594 -602 0
-594 -610 0
-594 -618 0
-594 -626 0
-594 -634 0
-602 -610 0
-602 -618 0
-602 -626 0
-602 -634 0
-610 -618 0
-610 -626 0
-610 -634 0
-618 -626 0
-618 -634 0
-626 -634 0
-563 -571 0
-563 -579 0
-563 -587 0
-563 -595 0
-563 -603 0
-563 -611 0
-563 -619 0
-563 -627 0
-563 -635 0
-571 -579 0
-571 -587 0
-571 -595 0
-571 -603 0
-571 -611 0
-571 -619 0
-571 -627 0
-571 -635 0
-579 -587 0
-579 -595 0
-579 -603 0
-579 -611 0
-579 -619 0
-579 -627 0
-579 -635 0
-587 -595 0
-587 -603 0
-587 -611 0
-587 -619 0
-587 -627 0
-587 -635 0
-595 -603 0
-595 -611 0
-595 -619 0
-595 -627 0
-595 -635 0
-603 -611 0
-603 -619 0
-603 -627 0
-603 -635 0
-611 -619 0
-611 -627 0
-611 -635 0
-619 -627 0
-619 -635 0
-627 -635 0
-564 -572 0
-564 -580 0
-564 -588 0
-564 -596 0
-564 -604 0
-564 -612 0
-564 -620 0
-564 -628 0
-564 -636 0
-572 -580 0
-572 -588 0
-572 -596 0
-572 -604 0
-572 -612 0
-572 -620 0
-572 -628 0
-572 -636 0
-580 -588 0
-580 -596 0
-580 -604 0
-580 -612 0
-580 -620 0
-580 -628 0
-580 -636 0
-588 -596 0
-588 -604 0
-588 -612 0
-588 -620 0
-588 -628 0
-588 -636 0
-596 -604 0
-596 -612 0
-596 -620 0
-596 -628 0
-596 -636 0
-604 -612 0
-604 -620 0
-604 -628 0
-604 -636 0
-612 -620 0
-612 -628 0
-612 -636 0
-620 -628 0
-620 -636 0
-628 -636 0
-565 -573 0
-565 -581 0
-565 -589 0
-565 -597 0
-565 -605 0
-565 -613 0
-565 -621 0
-565 -629 0
-565 -637 0
-573 -581 0
-573 -589 0
-573 -597 0
-573 -605 0
-573 -613 0
-573 -621 0
-573 -629 0
-573 -637 0
-581 -589 0
-581 -597 0
-581 -605 0
-581 -613 0
-581 -621 0
-581 -629 0
-581 -637 0
-589 -597 0
-589 -605 0
-589 -613 0
-589 -621 0
-589 -629 0
-589 -637 0
-597 -605 0
-597 -613 0
-597 -621 0
-597 -629 0
-597 -637 0
-605 -613 0
-605 -621 0
-605 -629 0
-605 -637 0
-613 -621 0
-613 -629 0
-613 -637 0
-621 -629 0
-621 -637 0
-629 -637 0
-566 -574 0
-566 -582 0
-566 -590 0
-566 -598 0
-566 -606 0
-566 -614 0
-566 -622 0
-566 -630 0
-566 -638 0
-574 -582 0
-574 -590 0
-574 -598 0
-574 -606 0
-574 -614 0
-574 -622 0
-574 -630 0
-574 -638 0
-582 -590 0
-582 -598 0
-582 -606 0
-582 -614 0
-582 -622 0
-582 -630 0
-582 -638 0
-590 -598 0
-590 -606 0
-590 -614 0
-590 -622 0
-590 -630 0
-590 -638 0
-598 -606 0
-598 -614 0
-598 -622 0
-598 -630 0
-598 -638 0
-606 -614 0
-606 -622 0
-606 -630 0
-606 -638 0
-614 -622 0
-614 -630 0
-614 -638 0
-622 -630 0
-622 -638 0
-630 -638 0
-567 -575 0
-567 -583 0
-567 -591 0
-567 -599 0
-567 -607 0
-567 -615 0
-567 -623 0
-567 -631 0
-567 -639 0
-575 -583 0
-575 -591 0
-575 -599 0
-575 -607 0
-575 -615 0
-575 -623 0
-575 -631 0
-575 -639 0
-583 -591 0
-583 -599 0
-583 -607 0
-583 -615 0
-583 -623 0
-583 -631 0
-583 -639 0
-591 -599 0
-591 -607 0
-591 -615 0
-591 -623 0
-591 -631 0
-591 -639 0
-599 -607 0
-599 -615 0
-599 -623 0
-599 -631 0
-599 -639 0
-607 -615 0
-607 -623 0
-607 -631 0
-607 -639 0
-615 -623 0
-615 -631 0
-615 -639 0
-623 -631 0
-623 -639 0
-631 -639 0
-568 -576 0
-568 -584 0
-568 -592 0
-568 -600 0
-568 -608 0
-568 -616 0
-568 -624 0
-568 -632 0
-568 -640 0
-576 -584 0
-576 -592 0
-576 -600 0
-576 -608 0
-576 -616 0
-576 -624 0
-576 -632 0
-576 -640 0
-584 -592 0
-584 -600 0
-584 -608 0
-584 -616 0
-584 -624 0
-584 -632 0
-584 -640 0
-592 -600 0
-592 -608 0
-592 -616 0
-592 -624 0
-592 -632 0
-592 -640 0
-600 -608 0
-600 -616 0
-600 -624 0
-600 -632 0
-600 -640 0
-608 -616 0
-608 -624 0
-608 -632 0
-608 -640 0
-616 -624 0
-616 -632 0
-616 -640 0
-624 -632 0
-624 -640 0
-632 -640 0
-641 -649 0
-641 -657 0
-641 -665 0
-641 -673 0
-641 -681 0
-641 -689 0
-641 -697 0
-641 -705 0
-641 -713 0
-649 -657 0
-649 -665 0
-649 -673 0
-649 -681 0
-649 -689 0
-649 -697 0
-649 -705 0
-649 -713 0
-657 -665 0
-657 -673 0
-657 -681 0
-657 -689 0
-657 -697 0
-657 -705 0
-657 -713 0
-665 -673 0
-665 -681 0
-665 -689 0
-665 -697 0
-665 -705 0
-665 -713 0
-673 -681 0
-673 -689 0
-673 -697 0
-673 -705 0
-673 -713 0
-681 -689 0
-681 -697 0
-681 -705 0
-681 -713 0
-689 -697 0
-689 -705 0
-689 -713 0
-697 -705 0
-697 -713 0
-705 -713 0
-642 -650 0
-642 -658 0
-642 -666 0
-642 -674 0
-642 -682 0
-642 -690 0
-642 -698 0
-642 -706 0
-642 -714 0
-650 -658 0
-650 -666 0
-650 -674 0
-650 -682 0
-650 -690 0
-650 -698 0
-650 -706 0
-650 -714 0
-658 -666 0
-658 -674 0
-658 -682 0
-658 -690 0
-658 -698 0
-658 -706 0
-658 -714 0
-666 -674 0
-666 -682 0
-666 -690 0
-666 -698 0
-666 -706 0
-666 -714 0
-674 -682 0
-674 -690 0
-674 -698 0
-674 -706 0
-674 -714 0
-682 -690 0
-682 -698 0
-682 -706 0
-682 -714 0
-690 -698 0
-690 -706 0
-690 -714 0
-698 -706 0
-698 -714 0
-706 -714 0
-643 -651 0
-643 -659 0
-643 -667 0
-643 -675 0
-643 -683 0
-643 -691 0
-643 -699 0
-643 -707 0
-643 -715 0
-651 -659 0
-651 -667 0
-651 -675 0
-651 -683 0
-651 -691 0
-651 -699 0
-651 -707 0
-651 -715 0
-659 -667 0
-659 -675 0
-659 -683 0
-659 -691 0
-659 -699 0
-659 -707 0
-659 -715 0
-667 -675 0
-667 -683 0
-667 -691 0
-667 -699 0
-667 -707 0
-667 -715 0
-675 -683 0
-675 -691 0
-675 -699 0
-675 -707 0
-675 -715 0
-683 -691 0
-683 -699 0
-683 -707 0
-683 -715 0
-691 -699 0
-691 -707 0
-691 -715 0
-699 -707 0
-699 -715 0
-707 -715 0
-644 -652 0
-644 -660 0
-644 -668 0
-644 -676 0
-644 -684 0
-644 -692 0
-644 -700 0
-644 -708 0
-644 -716 0
-652 -660 0
-652 -668 0
-652 -676 0
-652 -684 0
-652 -692 0
-652 -700 0
-652 -708 0
-652 -716 0
-660 -668 0
-660 -676 0
-660 -684 0
-660 -692 0
-660 -700 0
-660 -708 0
-660 -716 0
-668 -676 0
-668 -684 0
-668 -692 0
-668 -700 0
-668 -708 0
-668 -716 0
-676 -684 0
-676 -692 0
-676 -700 0
-676 -708 0
-676 -716 0
-684 -692 0
-684 -700 0
-684 -708 0
-684 -716 0
-692 -700 0
-692 -708 0
-692 -716 0
-700 -708 0
-700 -716 0
-708 -716 0
-645 -653 0
-645 -661 0
-645 -669 0
-645 -677 0
-645 -685 0
-645 -693 0
-645 -701 0
-645 -709 0
-645 -717 0
-653 -661 0
-653 -669 0
-653 -677 0
-653 -685 0
-653 -693 0
-653 -701 0
-653 -709 0
-653 -717 0
-661 -669 0
-661 -677 0
-661 -685 0
-661 -693 0
-661 -701 0
-661 -709 0
-661 -717 0
-669 -677 0
-669 -685 0
-669 -693 0
-669 -701 0
-669 -709 0
-669 -717 0
-677 -685 0
-677 -693 0
-677 -701 0
-677 -709 0
-677 -717 0
-685 -693 0
-685 -701 0
-685 -709 0
-685 -717 0
-693 -701 0
-693 -709 0
-693 -717 0
-701 -709 0
-701 -717 0
-709 -717 0
-646 -654 0
-646 -662 0
-646 -670 0
-646 -678 0
-646 -686 0
-646 -694 0
-646 -702 0
-646 -710 0
-646 -718 0
-654 -662 0
-654 -670 0
-654 -678 0
-654 -686 0
-654 -694 0
-654 -702 0
-654 -710 0
-654 -718 0
-662 -670 0
-662 -678 0
-662 -686 0
-662 -694 0
-662 -702 0
-662 -710 0
-662 -718 0
-670 -678 0
-670 -686 0
-670 -694 0
-670 -702 0
-670 -710 0
-670 -718 0
-678 -686 0
-678 -694 0
-678 -702 0
-678 -710 0
-678 -718 0
-686 -694 0
-686 -702 0
-686 -710 0
-686 -718 0
-694 -702 0
-694 -710 0
-694 -718 0
-702 -710 0
-702 -718 0
-710 -718 0
-647 -655 0
-647 -663 0
-647 -671 0
-647 -679 0
-647 -687 0
-647 -695 0
-647 -703 0
-647 -711 0
-647 -719 0
-655 -663 0
-655 -671 0
-655 -679 0
-655 -687 0
-655 -695 0
-655 -703 0
-655 -711 0
-655 -719 0
-663 -671 0
-663 -679 0
-663 -687 0
-663 -695 0
-663 -703 0
-663 -711 0
-663 -719 0
-671 -679 0
-671 -687 0
-671 -695 0
-671 -703 0
-671 -711 0
-671 -719 0
-679 -687 0
-679 -695 0
-679 -703 0
-679 -711 0
-679 -719 0
-687 -695 0
-687 -703 0
-687 -711 0
-687 -719 0
-695 -703 0
-695 -711 0
-695 -719 0
-703 -711 0
-703 -719 0
-711 -719 0
-648 -656 0
-648 -664 0
-648 -672 0
-648 -680 0
-648 -688 0
-648 -696 0
-648 -704 0
-648 -712 0
-648 -720 0
-656 -664 0
-656 -672 0
-656 -680 0
-656 -688 0
-656 -696 0
-656 -704 0
-656 -712 0
-656 -720 0
-664 -672 0
-664 -680 0
-664 -688 0
-664 -696 0
-664 -704 0
-664 -712 0
-664 -720 0
-672 -680 0
-672 -688 0
-672 -696 0
-672 -704 0
-672 -712 0
-672 -720 0
-680 -688 0
-680 -696 0
-680 -704 0
-680 -712 0
-680 -720 0
-688 -696 0
-688 -704 0
-688 -712 0
-688 -720 0
-696 -704 0
-696 -712 0
-696 -720 0
-704 -712 0
-704 -720 0
-712 -720 0
-721 -729 0
-721 -737 0
-721 -745 0
-721 -753 0
-721 -761 0
-721 -769 0
-721 -777 0
-721 -785 0
-721 -793 0
-729 -737 0
-729 -745 0
-729 -753 0
-729 -761 0
-729 -769 0
-729 -777 0
-729 -785 0
-729 -793 0
-737 -745 0
-737 -753 0
-737 -761 0
-737 -769 0
-737 -777 0
-737 -785 0
-737 -793 0
-745 -753 0
-745 -761 0
-745 -769 0
-745 -777 0
-745 -785 0
-745 -793 0
-753 -761 0
-753 -769 0
-753 -777 0
-753 -785 0
-753 -793 0
-761 -769 0
-761 -777 0
-761 -785 0
-761 -793 0
-769 -777 0
-769 -785 0
-769 -793 0
-777 -785 0
-777 -793 0
-785 -793 0
-722 -730 0
-722 -738 0
-722 -746 0
-722 -754 0
-722 -762 0
-722 -770 0
-722 -778 0
-722 -786 0
-722 -794 0
-730 -738 0
-730 -746 0
-730 -754 0
-730 -762 0
-730 -770 0
-730 -778 0
-730 -786 0
-730 -794 0
-738 -746 0
-738 -754 0
-738 -762 0
-738 -770 0
-738 -778 0
-738 -786 0
-738 -794 0
-746 -754 0
-746 -762 0
-746 -770 0
-746 -778 0
-746 -786 0
-746 -794 0
-754 -762 0
-754 -770 0
-754 -778 0
-754 -786 0
-754 -794 0
-762 -770 0
-762 -778 0
-762 -786 0
-762 -794 0
-770 -778 0
-770 -786 0
-770 -794 0
-778 -786 0
-778 -794 0
-786 -794 0
-723 -731 0
-723 -739 0
-723 -747 0
-723 -755 0
-723 -763 0
-723 -771 0
-723 -779 0
-723 -787 0
-723 -795 0
-731 -739 0
-731 -747 0
-731 -755 0
-731 -763 0
-731 -771 0
-731 -779 0
-731 -787 0
-731 -795 0
-739 -747 0
-739 -755 0
-739 -763 0
-739 -771 0
-739 -779 0
-739 -787 0
-739 -795 0
-747 -755 0
-747 -763 0
-747 -771 0
-747 -779 0
-747 -787 0
-747 -795 0
-755 -763 0
-755 -771 0
-755 -779 0
-755 -787 0
-755 -795 0
-763 -771 0
-763 -779 0
-763 -787 0
-763 -795 0
-771 -779 0
-771 -787 0
-771 -795 0
-779 -787 0
-779 -795 0
-787 -795 0
-724 -732 0
-724 -740 0
-724 -748 0
-724 -756 0
-724 -764 0
-724 -772 0
-724 -780 0
-724 -788 0
-724 -796 0
-732 -740 0
-732 -748 0
-732 -756 0
-732 -764 0
-732 -772 0
-732 -780 0
-732 -788 0
-732 -796 0
-740 -748 0
-740 -756 0
-740 -764 0
-740 -772 0
-740 -780 0
-740 -788 0
-740 -796 0
-748 -756 0
-748 -764 0
-748 -772 0
-748 -780 0
-748 -788 0
-748 -796 0
-756 -764 0
-756 -772 0
-756 -780 0
-756 -788 0
-756 -796 0
-764 -772 0
-764 -780 0
-764 -788 0
-764 -796 0
-772 -780 0
-772 -788 0
-772 -796 0
-780 -788 0
-780 -796 0
-788 -796 0
-725 -733 0
-725 -741 0
-725 -749 0
-725 -757 0
-725 -765 0
-725 -773 0
-725 -781 0
-725 -789 0
-725 -797 0
-733 -741 0
-733 -749 0
-733 -757 0
-733 -765 0
-733 -773 0
-733 -781 0
-733 -789 0
-733 -797 0
-741 -749 0
-741 -757 0
-741 -765 0
-741 -773 0
-741 -781 0
-741 -789 0
-741 -797 0
-749 -757 0
-749 -765 0
-749 -773 0
-749 -781 0
-749 -789 0
-749 -797 0
-757 -765 0
-757 -773 0
-757 -781 0
-757 -789 0
-757 -797 0
-765 -773 0
-765 -781 0
-765 -789 0
-765 -797 0
-773 -781 0
-773 -789 0
-773 -797 0
-781 -789 0
-781 -797 0
-789 -797 0
-726 -734 0
-726 -742 0
-726 -750 0
-726 -758 0
-726 -766 0
-726 -774 0
-726 -782 0
-726 -790 0
-726 -798 0
-734 -742 0
-734 -750 0
-734 -758 0
-734 -766 0
-734 -774 0
-734 -782 0
-734 -790 0
-734 -798 0
-742 -750 0
-742 -758 0
-742 -766 0
-742 -774 0
-742 -782 0
-742 -790 0
-742 -798 0
-750 -758 0
-750 -766 0
-750 -774 0
-750 -782 0
-750 -790 0
-750 -798 0
-758 -766 0
-758 -774 0
-758 -782 0
-758 -790 0
-758 -798 0
-766 -774 0
-766 -782 0
-766 -790 0
-766 -798 0
-774 -782 0
-774 -790 0
-774 -798 0
-782 -790 0
-782 -798 0
-790 -798 0
-727 -735 0
-727 -743 0
-727 -751 0
-727 -759 0
-727 -767 0
-727 -775 0
-727 -783 0
-727 -791 0
-727 -799 0
-735 -743 0
-735 -751 0
-735 -759 0
-735 -767 0
-735 -775 0
-735 -783 0
-735 -791 0
-735 -799 0
-743 -751 0
-743 -759 0
-743 -767 0
-743 -775 0
-743 -783 0
-743 -791 0
-743 -799 0
-751 -759 0
-751 -767 0
-751 -775 0
-751 -783 0
-751 -791 0
-751 -799 0
-759 -767 0
-759 -775 0
-759 -783 0
-759 -791 0
-759 -799 0
-767 -775 0
-767 -783 0
-767 -791 0
-767 -799 0
-775 -783 0
-775 -791 0
-775 -799 0
-783 -791 0
-783 -799 0
-791 -799 0
-728 -736 0
-728 -744 0
-728 -752 0
-728 -760 0
-728 -768 0
-728 -776 0
-728 -784 0
-728 -792 0
-728 -800 0
-736 -744 0
-736 -752 0
-736 -760 0
-736 -768 0
-736 -776 0
-736 -784 0
-736 -792 0
-736 -800 0
-744 -752 0
-744 -760 0
-744 -768 0
-744 -776 0
-744 -784 0
-744 -792 0
-744 -800 0
-752 -760 0
-752 -768 0
-752 -776 0
-752 -784 0
-752 -792 0
-752 -800 0
-760 -768 0
-760 -776 0
-760 -784 0
-760 -792 0
-760 -800 0
-768 -776 0
-768 -784 0
-768 -792 0
-768 -800 0
-776 -784 0
-776 -792 0
-776 -800 0
-784 -792 0
-784 -800 0
-792 -800 0
1 9 17 25 33 41 49 57 65 73 0
2 10 18 26 34 42 50 58 66 74 0
3 11 19 27 35 43 51 59 67 75 0
4 12 20 28 36 44 52 60 68 76 0
5 13 21 29 37 45 53 61 69 77 0
6 14 22 30 38 46 54 62 70 78 0
7 15 23 31 39 47 55 63 71 79 0
8 16 24 32 40 48 56 64 72 80 0
81 89 97 105 113 121 129 137 145 153 0
82 90 98 106 114 122 130 138 146 154 0
83 91 99 107 115 123 131 139 147 155 0
84 92 100 108 116 124 132 140 148 156 0
85 93 101 109 117 125 133 141 149 157 0
86 94 102 110 118 126 134 142 150 158 0
87 95 103 111 119 127 135 143 151 159 0
88 96 104 112 120 128 136 144 152 160 0
161 169 177 185 193 201 209 217 225 233 0
162 170 178 186 194 202 210 218 226 234 0
163 171 179 187 195 203 211 219 227 235 0
164 172 180 188 196 204 212 220 228 236 0
165 173 181 189 197 205 213 221 229 237 0
166 174 182 190 198 206 214 222 230 238 0
167 175 183 191 199 207 215 223 231 239 0
168 176 184 192 200 208 216 224 232 240 0
241 249 257 265 273 281 289 297 305 313 0
242 250 258 266 274 282 290 298 306 314 0
243 251 259 267 275 283 291 299 307 315 0
244 252 260 268 276 284 292 300 308 316 0
245 253 261 269 277 285 293 301 309 317 0
246 254 262 270 278 286 294 302 310 318 0
247 255 263 271 279 287 295 303 311 319 0
248 256 264 272 280 288 296 304 312 320 0
321 329 337 345 353 361 369 377 385 393 0
322 330 338 346 354 362 370 378 386 394 0
323 331 339 347 355 363 371 379 387 395 0
324 332 340 348 356 364 372 380 388 396 0
325 333 341 349 357 365 373 381 389 397 0
326 334 342 350 358 366 374 382 390 398 0
327 335 343 351 359 367 375 383 391 399 0
328 336 344 352 360 368 376 384 392 400 0
401 409 417 425 433 441 449 457 465 473 0
402 410 418 426 434 442 450 458 466 474 0
403 411 419 427 435 443 451 459 467 475 0
404 412 420 428 436 444 452 460 468 476 0
405 413 421 429 437 445 453 461 469 477 0
406 414 422 430 438 446 454 462 470 478 0
407 415 423 431 439 447 455 463 471 479 0
408 416 424 432 440 448 456 464 472 480 0
481 489 497 505 513 521 529 537 545 553 0
482 490 498 506 514 522 530 538 546 554 0
483 491 499 507 515 523 531 539 547 555 0
484 492 500 508 516 524 532 540 548 556 0
485 493 501 509 517 525 533 541 549 557 0
486 494 502 510 518 526 534 542 550 558 0
487 495 503 511 519 527 535 543 551 559 0
488 496 504 512 520 528 536 544 552 560 0
561 569 577 585 593 601 609 617 625 633 0
562 570 578 586 594 602 610 618 626 634 0
563 571 579 587 595 603 611 619 627 635 0
564 572 580 588 596 604 612 620 628 636 0
565 573 581 589 597 605 613 621 629 637 0
566 574 582 590 598 606 614 622 630 638 0
567 575 583 591 599 607 615 623 631 639 0
568 576 584 592 600 608 616 624 632 640 0
641 649 657 665 673 681 689 697 705 713 0
642 650 658 666 674 682 690 698 706 714 0
643 651 659 667 675 683 691 699 707 715 0
644 652 660 668 676 684 692 700 708 716 0
645 653 661 669 677 685 693 701 709 717 0
646 654 662 670 678 686 694 702 710 718 0
647 655 663 671 679 687 695 703 711 719 0
648 656 664 672 680 688 696 704 712 720 0
721 729 737 745 753 761 769 777 785 793 0
722 730 738 746 754 762 770 778 786 794 0
723 731 739 747 755 763 771 779 787 795 0
724 732 740 748 756 764 772 780 788 796 0
725 733 741 749 757 765 773 781 789 797 0
726 734 742 750 758 766 774 782 790 798 0
727 735 743 751 759 767 775 783 791 799 0
728 736 744 752 760 768 776 784 792 800 0
-1 -2 0
-1 -3 0
-1 -4 0
-1 -5 0
-1 -6 0
-1 -7 0
-1 -8 0
-2 -3 0
-2 -4 0
-2 -5 0
-2 -6 0
-2 -7 0
-2 -8 0
-3 -4 0
-3 -5 0
-3 -6 0
-3 -7 0
-3 -8 0
-4 -5 0
-4 -6 0
-4 -7 0
-4 -8 0
-5 -6 0
-5 -7 0
-5 -8 0
-6 -7 0
-6 -8 0
-7 -8 0
-9 -10 0
-9 -11 0
-9 -12 0
-9 -13 0
-9 -14 0
-9 -15 0
-9 -16 0
-10 -11 0
-10 -12 0
-10 -13 0
-10 -14 0
-10 -15 0
-10 -16 0
-11 -12 0
-11 -13 0
-11 -14 0
-11 -15 0
-11 -16 0
-12 -13 0
-12 -14 0
-12 -15 0
-12 -16 0
-13 -14 0
-13 -15 0
-13 -16 0
-14 -15 0
-14 -16 0
-15 -16 0
-17 -18 0
-17 -19 0
-17 -20 0
-17 -21 0
-17 -22 0
-17 -23 0
-17 -24 0
-18 -19 0
-18 -20 0
-18 -21 0
-18 -22 0
-18 -23 0
-18 -24 0
-19 -20 0
-19 -21 0
-19 -22 0
-19 -23 0
-19 -24 0
-20 -21 0
-20 -22 0
-20 -23 0
-20 -24 0
-21 -22 0
-21 -23 0
-21 -24 0
-22 -23 0
-22 -24 0
-23 -24 0
-25 -26 0
-25 -27 0
-25 -28 0
-25 -29 0
-25 -30 0
-25 -31 0
-25 -32 0
-26 -27 0
-26 -28 0
-26 -29 0
-26 -30 0
-26 -31 0
-26 -32 0
-27 -28 0
-27 -29 0
-27 -30 0
-27 -31 0
-27 -32 0
-28 -29 0
-28 -30 0
-28 -31 0
-28 -32 0
-29 -30 0
-29 -31 0
-29 -32 0
-30 -31 0
-30 -32 0
-31 -32 0
-33 -34 0
-33 -35 0
-33 -36 0
-33 -37 0
-33 -38 0
-33 -39 0
-33 -40 0
-34 -35 0
-34 -36 0
-34 -37 0
-34 -38 0
-34 -39 0
-34 -40 0
-35 -36 0
-35 -37 0
-35 -38 0
-35 -39 0
-35 -40 0
-36 -37 0
-36 -38 0
-36 -39 0
-36 -40 0
-37 -38 0
-37 -39 0
-37 -40 0
-38 -39 0
-38 -40 0
-39 -40 0
-41 -42 0
-41 -43 0
-41 -44 0
-41 -45 0
-41 -46 0
-41 -47 0
-41 -48 0
-42 -43 0
-42 -44 0
-42 -45 0
-42 -46 0
-42 -47 0
-42 -48 0
-43 -44 0
-43 -45 0
-43 -46 0
-43 -47 0
-43 -48 0
-44 -45 0
-44 -46 0
-44 -47 0
-44 -48 0
-45 -46 0
-45 -47 0
-45 -48 0
-46 -47 0
-46 -48 0
-47 -48 0
-49 -50 0
-49 -51 0
-49 -52 0
-49 -53 0
-49 -54 0
-49 -55 0
-49 -56 0
-50 -51 0
-50 -52 0
-50 -53 0
-50 -54 0
-50 -55 0
-50 -56 0
-51 -52 0
-51 -53 0
-51 -54 0
-51 -55 0
-51 -56 0
-52 -53 0
-52 -54 0
-52 -55 0
-52 -56 0
-53 -54 0
-53 -55 0
-53 -56 0
-54 -55 0
-54 -56 0
-55 -56 0
-57 -58 0
-57 -59 0
-57 -60 0
-57 -61 0
-57 -62 0
-57 -63 0
-57 -64 0
-58 -59 0
-58 -60 0
-58 -61 0
-58 -62 0
-58 -63 0
-58 -64 0
-59 -60 0
-59 -61 0
-59 -62 0
-59 -63 0
-59 -64 0
-60 -61 0
-60 -62 0
-60 -63 0
-60 -64 0
-61 -62 0
-61 -63 0
-61 -64 0
-62 -63 0
-62 -64 0
-63 -64 0
-65 -66 0
-65 -67 0
-65 -68 0
-65 -69 0
-65 -70 0
-65 -71 0
-65 -72 0
-66 -67 0
-66 -68 0
-66 -69 0
-66 -70 0
-66 -71 0
-66 -72 0
-67 -68 0
-67 -69 0
-67 -70 0
-67 -71 0
-67 -72 0
-68 -69 0
-68 -70 0
-68 -71 0
-68 -72 0
-69 -70 0
-69 -71 0
-69 -72 0
-70 -71 0
-70 -72 0
-71 -72 0
-73 -74 0
-73 -75 0
-73 -76 0
-73 -77 0
-73 -78 0
-73 -79 0
-73 -80 0
-74 -75 0
-74 -76 0
-74 -77 0
-74 -78 0
-74 -79 0
-74 -80 0
-75 -76 0
-75 -77 0
-75 -78 0
-75 -79 0
-75 -80 0
-76 -77 0
-76 -78 0
-76 -79 0
-76 -80 0
-77 -78 0
-77 -79 0
-77 -80 0
-78 -79 0
-78 -80 0
-79 -80 0
-81 -82 0
-81 -83 0
-81 -84 0
-81 -85 0
-81 -86 0
-81 -87 0
-81 -88 0
-82 -83 0
-82 -84 0
-82 -85 0
-82 -86 0
-82 -87 0
-82 -88 0
-83 -84 0
-83 -85 0
-83 -86 0
-83 -87 0
-83 -88 0
-84 -85 0
-84 -86 0
-84 -87 0
-84 -88 0
-85 -86 0
-85 -87 0
-85 -88 0
-86 -87 0
-86 -88 0
-87 -88 0
-89 -90 0
-89 -91 0
-89 -92 0
-89 -93 0
-89 -94 0
-89 -95 0
-89 -96 0
-90 -91 0
-90 -92 0
-90 -93 0
-90 -94 0
-90 -95 0
-90 -96 0
-91 -92 0
-91 -93 0
-91 -94 0
-91 -95 0
-91 -96 0
-92 -93 0
-92 -94 0
-92 -95 0
-92 -96 0
-93 -94 0
-93 -95 0
-93 -96 0
-94 -95 0
-94 -96 0
-95 -96 0
-97 -98 0
-97 -99 0
-97 -100 0
-97 -101 0
-97 -102 0
-97 -103 0
-97 -104 0
-98 -99 0
-98 -100 0
-98 -101 0
-98 -102 0
-98 -103 0
-98 -104 0
-99 -100 0
-99 -101 0
-99 -102 0
-99 -103 0
-99 -104 0
-100 -101 0
-100 -102 0
-100 -103 0
-100 -104 0
-101 -102 0
-101 -103 0
-101 -104 0
-102 -103 0
-102 -104 0
-103 -104 0
-105 -106 0
-105 -107 0
-105 -108 0
-105 -109 0
-105 -110 0
-105 -111 0
-105 -112 0
-106 -107 0
-106 -108 0
-106 -109 0
-106 -110 0
-106 -111 0
-106 -112 0
-107 -108 0
-107 -109 0
-107 -110 0
-107 -111 0
-107 -112 0
-108 -109 0
-108 -110 0
-108 -111 0
-108 -112 0
-109 -110 0
-109 -111 0
-109 -112 0
-110 -111 0
-110 -112 0
-111 -112 0
-113 -114 0
-113 -115 0
-113 -116 0
-113 -117 0
-113 -118 0
-113 -119 0
-113 -120 0
-114 -115 0
-114 -116 0
-114 -117 0
-114 -118 0
-114 -119 0
-114 -120 0
-115 -116 0
-115 -117 0
-115 -118 0
-115 -119 0
-115 -120 0
-116 -117 0
-116 -118 0
-116 -119 0
-116 -120 0
-117 -118 0
-117 -119 0
-117 -120 0
-118 -119 0
-118 -120 0
-119 -120 0
-121 -122 0
-121 -123 0
-121 -124 0
-121 -125 0
-121 -126 0
-121 -127 0
-121 -128 0
-122 -123 0
-122 -124 0
-122 -125 0
-122 -126 0
-122 -127 0
-122 -128 0
-123 -124 0
-123 -125 0
-123 -126 0
-123 -127 0
-123 -128 0
-124 -125 0
-124 -126 0
-124 -127 0
-124 -128 0
-125 -126 0
-125 -127 0
-125 -128 0
-126 -127 0
-126 -128 0
-127 -128 0
-129 -130 0
-129 -131 0
-129 -132 0
-129 -133 0
-129 -134 0
-129 -135 0
-129 -136 0
-130 -131 0
-130 -132 0
-130 -133 0
-130 -134 0
-130 -135 0
-130 -136 0
-131 -132 0
-131 -133 0
-131 -134 0
-131 -135 0
-131 -136 0
-132 -133 0
-132 -134 0
-132 -135 0
-132 -136 0
-133 -134 0
-133 -135 0
-133 -136 0
-134 -135 0
-134 -136 0
-135 -136 0
-137 -138 0
-137 -139 0
-137 -140 0
-137 -141 0
-137 -142 0
-137 -143 0
-137 -144 0
-138 -139 0
-138 -140 0
-138 -141 0
-138 -142 0
-138 -143 0
-138 -144 0
-139 -140 0
-139 -141 0
-139 -142 0
-139 -143 0
-139 -144 0
-140 -141 0
-140 -142 0
-140 -143 0
-140 -144 0
-141 -142 0
-141 -143 0
-141 -144 0
-142 -143 0
-142 -144 0
-143 -144 0
-145 -146 0
-145 -147 0
-145 -148 0
-145 -149 0
-145 -150 0
-145 -151 0
-145 -152 0
-146 -147 0
-146 -148 0
-146 -149 0
-146 -150 0
-146 -151 0
-146 -152 0
-147 -148 0
-147 -149 0
-147 -150 0
-147 -151 0
-147 -152 0
-148 -149 0
-148 -150 0
-148 -151 0
-148 -152 0
-149 -150 0
-149 -151 0
-149 -152 0
-150 -151 0
-150 -152 0
-151 -152 0
-153 -154 0
-153 -155 0
-153 -156 0
-153 -157 0
-153 -158 0
-153 -159 0
-153 -160 0
-154 -155 0
-154 -156 0
-154 -157 0
-154 -158 0
-154 -159 0
-154 -160 0
-155 -156 0
-155 -157 0
-155 -158 0
-155 -159 0
-155 -160 0
-156 -157 0
-156 -158 0
-156 -159 0
-156 -160 0
-157 -158 0
-157 -159 0
-157 -160 0
-158 -159 0
-158 -160 0
-159 -160 0
-161 -162 0
-161 -163 0
-161 -164 0
-161 -165 0
-161 -166 0
-161 -167 0
-161 -168 0
-162 -163 0
-162 -164 0
-162 -165 0
-162 -166 0
-162 -167 0
-162 -168 0
-163 -164 0
-163 -165 0
-163 -166 0
-163 -167 0
-163 -168 0
-164 -165 0
-164 -166 0
-164 -167 0
-164 -168 0
-165 -166 0
-165 -167 0
-165 -168 0
-166 -167 0
-166 -168 0
-167 -168 0
-169 -170 0
-169 -171 0
-169 -172 0
-169 -173 0
-169 -174 0
-169 -175 0
-169 -176 0
-170 -171 0
-170 -172 0
-170 -173 0
-170 -174 0
-170 -175 0
-170 -176 0
-171 -172 0
-171 -173 0
-171 -174 0
-171 -175 0
-171 -176 0
-172 -173 0
-172 -174 0
-172 -175 0
-172 -176 0
-173 -174 0
-173 -175 0
-173 -176 0
-174 -175 0
-174 -176 0
-175 -176 0
-177 -178 0
-177 -179 0
-177 -180 0
-177 -181 0
-177 -182 0
-177 -183 0
-177 -184 0
-178 -179 0
-178 -180 0
-178 -181 0
-178 -182 0
-178 -183 0
-178 -184 0
-179 -180 0
-179 -181 0
-179 -182 0
-179 -183 0
-179 -184 0
-180 -181 0
-180 -182 0
-180 -183 0
-180 -184 0
-181 -182 0
-181 -183 0
-181 -184 0
-182 -183 0
-182 -184 0
-183 -184 0
-185 -186 0
-185 -187 0
-185 -188 0
-185 -189 0
-185 -190 0
-185 -191 0
-185 -192 0
-186 -187 0
-186 -188 0
-186 -189 0
-186 -190 0
-186 -191 0
-186 -192 0
-187 -188 0
-187 -189 0
-187 -190 0
-187 -191 0
-187 -192 0
-188 -189 0
-188 -190 0
-188 -191 0
-188 -192 0
-189 -190 0
-189 -191 0
-189 -192 0
-190 -191 0
-190 -192 0
-191 -192 0
-193 -194 0
-193 -195 0
-193 -196 0
-193 -197 0
-193 -198 0
-193 -199 0
-193 -200 0
-194 -195 0
-194 -196 0
-194 -197 0
-194 -198 0
-194 -199 0
-194 -200 0
-195 -196 0
-195 -197 0
-195 -198 0
-195 -199 0
-195 -200 0
-196 -197 0
-196 -198 0
-196 -199 0
-196 -200 0
-197 -198 0
-197 -199 0
-197 -200 0
-198 -199 0
-198 -200 0
-199 -200 0
-201 -202 0
-201 -203 0
-201 -204 0
-201 -205 0
-201 -206 0
-201 -207 0
-201 -208 0
-202 -203 0
-202 -204 0
-202 -205 0
-202 -206 0
-202 -207 0
-202 -208 0
-203 -204 0
-203 -205 0
-203 -206 0
-203 -207 0
-203 -208 0
-204 -205 0
-204 -206 0
-204 -207 0
-204 -208 0
-205 -206 0
-205 -207 0
-205 -208 0
-206 -207 0
-206 -208 0
-207 -208 0
-209 -210 0
-209 -211 0
-209 -212 0
-209 -213 0
-209 -214 0
-209 -215 0
-209 -216 0
-210 -211 0
-210 -212 0
-210 -213 0
-210 -214 0
-210 -215 0
-210 -216 0
-211 -212 0
-211 -213 0
-211 -214 0
-211 -215 0
-211 -216 0
-212 -213 0
-212 -214 0
-212 -215 0
-212 -216 0
-213 -214 0
-213 -215 0
-213 -216 0
-214 -215 0
-214 -216 0
-215 -216 0
-217 -218 0
-217 -219 0
-217 -220 0
-217 -221 0
-217 -222 0
-217 -223 0
-217 -224 0
-218 -219 0
-218 -220 0
-218 -221 0
-218 -222 0
-218 -223 0
-218 -224 0
-219 -220 0
-219 -221 0
-219 -222 0
-219 -223 0
-219 -224 0
-220 -221 0
-220 -222 0
-220 -223 0
-220 -224 0
-221 -222 0
-221 -223 0
-221 -224 0
-222 -223 0
-222 -224 0
-223 -224 0
-225 -226 0
-225 -227 0
-225 -228 0
-225 -229 0
-225 -230 0
-225 -231 0
-225 -232 0
-226 -227 0
-226 -228 0
-226 -229 0
-226 -230 0
-226 -231 0
-226 -232 0
-227 -228 0
-227 -229 0
-227 -230 0
-227 -231 0
-227 -232 0
-228 -229 0
-228 -230 0
-228 -231 0
-228 -232 0
-229 -230 0
-229 -231 0
-229 -232 0
-230 -231 0
-230 -232 0
-231 -232 0
-233 -234 0
-233 -235 0
-233 -236 0
-233 -237 0
-233 -238 0
-233 -239 0
-233 -240 0
-234 -235 0
-234 -236 0
-234 -237 0
-234 -238 0
-234 -239 0
-234 -240 0
-235 -236 0
-235 -237 0
-235 -238 0
-235 -239 0
-235 -240 0
-236 -237 0
-236 -238 0
-236 -239 0
-236 -240 0
-237 -238 0
-237 -239 0
-237 -240 0
-238 -239 0
-238 -240 0
-239 -240 0
-241 -242 0
-241 -243 0
-241 -244 0
-241 -245 0
-241 -246 0
-241 -247 0
-241 -248 0
-242 -243 0
-242 -244 0
-242 -245 0
-242 -246 0
-242 -247 0
-242 -248 0
-243 -244 0
-243 -245 0
-243 -246 0
-243 -247 0
-243 -248 0
-244 -245 0
-244 -246 0
-244 -247 0
-244 -248 0
-245 -246 0
-245 -247 0
-245 -248 0
-246 -247 0
-246 -248 0
-247 -248 0
-249 -250 0
-249 -251 0
-249 -252 0
-249 -253 0
-249 -254 0
-249 -255 0
-249 -256 0
-250 -251 0
-250 -252 0
-250 -253 0
-250 -254 0
-250 -255 0
-250 -256 0
-251 -252 0
-251 -253 0
-251 -254 0
-251 -255 0
-251 -256 0
-252 -253 0
-252 -254 0
-252 -255 0
-252 -256 0
-253 -254 0
-253 -255 0
-253 -256 0
-254 -255 0
-254 -256 0
-255 -256 0
-257 -258 0
-257 -259 0
-257 -260 0
-257 -261 0
-257 -262 0
-257 -263 0
-257 -264 0
-258 -259 0
-258 -260 0
-258 -261 0
-258 -262 0
-258 -263 0
-258 -264 0
-259 -260 0
-259 -261 0
-259 -262 0
-259 -263 0
-259 -264 0
-260 -261 0
-260 -262 0
-260 -263 0
-260 -264 0
-261 -262 0
-261 -263 0
-261 -264 0
-262 -263 0
-262 -264 0
-263 -264 0
-265 -266 0
-265 -267 0
-265 -268 0
-265 -269 0
-265 -270 0
-265 -271 0
-265 -272 0
-266 -267 0
-266 -268 0
-266 -269 0
-266 -270 0
-266 -271 0
-266 -272 0
-267 -268 0
-267 -269 0
-267 -270 0
-267 -271 0
-267 -272 0
-268 -269 0
-268 -270 0
-268 -271 0
-268 -272 0
-269 -270 0
-269 -271 0
-269 -272 0
-270 -271 0
-270 -272 0
-271 -272 0
-273 -274 0
-273 -275 0
-273 -276 0
-273 -277 0
-273 -278 0
-273 -279 0
-273 -280 0
-274 -275 0
-274 -276 0
-274 -277 0
-274 -278 0
-274 -279 0
-274 -280 0
-275 -276 0
-275 -277 0
-275 -278 0
-275 -279 0
-275 -280 0
-276 -277 0
-276 -278 0
-276 -279 0
-276 -280 0
-277 -278 0
-277 -279 0
-277 -280 0
-278 -279 0
-278 -280 0
-279 -280 0
-281 -282 0
-281 -283 0
-281 -284 0
-281 -285 0
-281 -286 0
-281 -287 0
-281 -288 0
-282 -283 0
-282 -284 0
-282 -285 0
-282 -286 0
-282 -287 0
-282 -288 0
-283 -284 0
-283 -285 0
-283 -286 0
-283 -287 0
-283 -288 0
-284 -285 0
-284 -286 0
-284 -287 0
-284 -288 0
-285 -286 0
-285 -287 0
-285 -288 0
-286 -287 0
-286 -288 0
-287 -288 0
-289 -290 0
-289 -291 0
-289 -292 0
-289 -293 0
-289 -294 0
-289 -295 0
-289 -296 0
-290 -291 0
-290 -292 0
-290 -293 0
-290 -294 0
-290 -295 0
-290 -296 0
-291 -292 0
-291 -293 0
-291 -294 0
-291 -295 0
-291 -296 0
-292 -293 0
-292 -294 0
-292 -295 0
-292 -296 0
-293 -294 0
-293 -295 0
-293 -296 0
-294 -295 0
-294 -296 0
-295 -296 0
-297 -298 0
-297 -299 0
-297 -300 0
-297 -301 0
-297 -302 0
-297 -303 0
-297 -304 0
-298 -299 0
-298 -300 0
-298 -301 0
-298 -302 0
-298 -303 0
-298 -304 0
-299 -300 0
-299 -301 0
-299 -302 0
-299 -303 0
-299 -304 0
-300 -301 0
-300 -302 0
-300 -303 0
-300 -304 0
-301 -302 0
-301 -303 0
-301 -304 0
-302 -303 0
-302 -304 0
-303 -304 0
-305 -306 0
-305 -307 0
-305 -308 0
-305 -309 0
-305 -310 0
-305 -311 0
-305 -312 0
-306 -307 0
-306 -308 0
-306 -309 0
-306 -310 0
-306 -311 0
-306 -312 0
-307 -308 0
-307 -309 0
-307 -310 0
-307 -311 0
-307 -312 0
-308 -309 0
-308 -310 0
-308 -311 0
-308 -312 0
-309 -310 0
-309 -311 0
-309 -312 0
-310 -311 0
-310 -312 0
-311 -312 0
-313 -314 0
-313 -315 0
-313 -316 0
-313 -317 0
-313 -318 0
-313 -319 0
-313 -320 0
-314 -315 0
-314 -316 0
-314 -317 0
-314 -318 0
-314 -319 0
-314 -320 0
-315 -316 0
-315 -317 0
-315 -318 0
-315 -319 0
-315 -320 0
-316 -317 0
-316 -318 0
-316 -319 0
-316 -320 0
-317 -318 0
-317 -319 0
-317 -320 0
-318 -319 0
-318 -320 0
-319 -320 0
-321 -322 0
-321 -323 0
-321 -324 0
-321 -325 0
-321 -326 0
-321 -327 0
-321 -328 0
-322 -323 0
-322 -324 0
-322 -325 0
-322 -326 0
-322 -327 0
-322 -328 0
-323 -324 0
-323 -325 0
-323 -326 0
-323 -327 0
-323 -328 0
-324 -325 0
-324 -326 0
-324 -327 0
-324 -328 0
-325 -326 0
-325 -327 0
-325 -328 0
-326 -327 0
-326 -328 0
-327 -328 0
-329 -330 0
-329 -331 0
-329 -332 0
-329 -333 0
-329 -334 0
-329 -335 0
-329 -336 0
-330 -331 0
-330 -332 0
-330 -333 0
-330 -334 0
-330 -335 0
-330 -336 0
-331 -332 0
-331 -333 0
-331 -334 0
-331 -335 0
-331 -336 0
-332 -333 0
-332 -334 0
-332 -335 0
-332 -336 0
-333 -334 0
-333 -335 0
-333 -336 0
-334 -335 0
-334 -336 0
-335 -336 0
-337 -338 0
-337 -339 0
-337 -340 0
-337 -341 0
-337 -342 0
-337 -343 0
-337 -344 0
-338 -339 0
-338 -340 0
-338 -341 0
-338 -342 0
-338 -343 0
-338 -344 0
-339 -340 0
-339 -341 0
-339 -342 0
-339 -343 0
-339 -344 0
-340 -341 0
-340 -342 0
-340 -343 0
-340 -344 0
-341 -342 0
-341 -343 0
-341 -344 0
-342 -343 0
-342 -344 0
-343 -344 0
-345 -346 0
-345 -347 0
-345 -348 0
-345 -349 0
-345 -350 0
-345 -351 0
-345 -352 0
-346 -347 0
-346 -348 0
-346 -349 0
-346 -350 0
-346 -351 0
-346 -352 0
-347 -348 0
-347 -349 0
-347 -350 0
-347 -351 0
-347 -352 0
-348 -349 0
-348 -350 0
-348 -351 0
-348 -352 0
-349 -350 0
-349 -351 0
-349 -352 0
-350 -351 0
-350 -352 0
-351 -352 0
-353 -354 0
-353 -355 0
-353 -356 0
-353 -357 0
-353 -358 0
-353 -359 0
-353 -360 0
-354 -355 0
-354 -356 0
-354 -357 0
-354 -358 0
-354 -359 0
-354 -360 0
-355 -356 0
-355 -357 0
-355 -358 0
-355 -359 0
-355 -360 0
-356 -357 0
-356 -358 0
-356 -359 0
-356 -360 0
-357 -358 0
-357 -359 0
-357 -360 0
-358 -359 0
-358 -360 0
-359 -360 0
-361 -362 0
-361 -363 0
-361 -364 0
-361 -365 0
-361 -366 0
-361 -367 0
-361 -368 0
-362 -363 0
-362 -364 0
-362 -365 0
-362 -366 0
-362 -367 0
-362 -368 0
-363 -364 0
-363 -365 0
-363 -366 0
-363 -367 0
-363 -368 0
-364 -365 0
-364 -366 0
-364 -367 0
-364 -368 0
-365 -366 0
-365 -367 0
-365 -368 0
-366 -367 0
-366 -368 0
-367 -368 0
-369 -370 0
-369 -371 0
-369 -372 0
-369 -373 0
-369 -374 0
-369 -375 0
-369 -376 0
-370 -371 0
-370 -372 0
-370 -373 0
-370 -374 0
-370 -375 0
-370 -376 0
-371 -372 0
-371 -373 0
-371 -374 0
-371 -375 0
-371 -376 0
-372 -373 0
-372 -374 0
-372 -375 0
-372 -376 0
-373 -374 0
-373 -375 0
-373 -376 0
-374 -375 0
-374 -376 0
-375 -376 0
-377 -378 0
-377 -379 0
-377 -380 0
-377 -381 0
-377 -382 0
-377 -383 0
-377 -384 0
-378 -379 0
-378 -380 0
-378 -381 0
-378 -382 0
-378 -383 0
-378 -384 0
-379 -380 0
-379 -381 0
-379 -382 0
-379 -383 0
-379 -384 0
-380 -381 0
-380 -382 0
-380 -383 0
-380 -384 0
-381 -382 0
-381 -383 0
-381 -384 0
-382 -383 0
-382 -384 0
-383 -384 0
-385 -386 0
-385 -387 0
-385 -388 0
-385 -389 0
-385 -390 0
-385 -391 0
-385 -392 0
-386 -387 0
-386 -388 0
-386 -389 0
-386 -390 0
-386 -391 0
-386 -392 0
-387 -388 0
-387 -389 0
-387 -390 0
-387 -391 0
-387 -392 0
-388 -389 0
-388 -390 0
-388 -391 0
-388 -392 0
-389 -390 0
-389 -391 0
-389 -392 0
-390 -391 0
-390 -392 0
-391 -392 0
-393 -394 0
-393 -395 0
-393 -396 0
-393 -397 0
-393 -398 0
-393 -399 0
-393 -400 0
-394 -395 0
-394 -396 0
-394 -397 0
-394 -398 0
-394 -399 0
-394 -400 0
-395 -396 0
-395 -397 0
-395 -398 0
-395 -399 0
-395 -400 0
-396 -397 0
-396 -398 0
-396 -399 0
-396 -400 0
-397 -398 0
-397 -399 0
-397 -400 0
-398 -399 0
-398 -400 0
-399 -400 0
-401 -402 0
-401 -403 0
-401 -404 0
-401 -405 0
-401 -406 0
-401 -407 0
-401 -408 0
-402 -403 0
-402 -404 0
-402 -405 0
-402 -406 0
-402 -407 0
-402 -408 0
-403 -404 0
-403 -405 0
-403 -406 0
-403 -407 0
-403 -408 0
-404 -405 0
-404 -406 0
-404 -407 0
-404 -408 0
-405 -406 0
-405 -407 0
-405 -408 0
-406 -407 0
-406 -408 0
-407 -408 0
-409 -410 0
-409 -411 0
-409 -412 0
-409 -413 0
-409 -414 0
-409 -415 0
-409 -416 0
-410 -411 0
-410 -412 0
-410 -413 0
-410 -414 0
-410 -415 0
-410 -416 0
-411 -412 0
-411 -413 0
-411 -414 0
-411 -415 0
-411 -416 0
-412 -413 0
-412 -414 0
-412 -415 0
-412 -416 0
-413 -414 0
-413 -415 0
-413 -416 0
-414 -415 0
-414 -416 0
-415 -416 0
-417 -418 0
-417 -419 0
-417 -420 0
-417 -421 0
-417 -422 0
-417 -423 0
-417 -424 0
-418 -419 0
-418 -420 0
-418 -421 0
-418 -422 0
-418 -423 0
-418 -424 0
-419 -420 0
-419 -421 0
-419 -422 0
-419 -423 0
-419 -424 0
-420 -421 0
-420 -422 0
-420 -423 0
-420 -424 0
-421 -422 0
-421 -423 0
-421 -424 0
-422 -423 0
-422 -424 0
-423 -424 0
-425 -426 0
-425 -427 0
-425 -428 0
-425 -429 0
-425 -430 0
-425 -431 0
-425 -432 0
-426 -427 0
-426 -428 0
-426 -429 0
-426 -430 0
-426 -431 0
-426 -432 0
-427 -428 0
-427 -429 0
-427 -430 0
-427 -431 0
-427 -432 0
-428 -429 0
-428 -430 0
-428 -431 0
-428 -432 0
-429 -430 0
-429 -431 0
-429 -432 0
-430 -431 0
-430 -432 0
-431 -432 0
-433 -434 0
-433 -435 0
-433 -436 0
-433 -437 0
-433 -438 0
-433 -439 0
-433 -440 0
-434 -435 0
-434 -436 0
-434 -437 0
-434 -438 0
-434 -439 0
-434 -440 0
-435 -436 0
-435 -437 0
-435 -438 0
-435 -439 0
-435 -440 0
-436 -437 0
-436 -438 0
-436 -439 0
-436 -440 0
-437 -438 0
-437 -439 0
-437 -440 0
-438 -439 0
-438 -440 0
-439 -440 0
-441 -442 0
-441 -443 0
-441 -444 0
-441 -445 0
-441 -446 0
-441 -447 0
-441 -448 0
-442 -443 0
-442 -444 0
-442 -445 0
-442 -446 0
-442 -447 0
-442 -448 0
-443 -444 0
-443 -445 0
-443 -446 0
-443 -447 0
-443 -448 0
-444 -445 0
-444 -446 0
-444 -447 0
-444 -448 0
-445 -446 0
-445 -447 0
-445 -448 0
-446 -447 0
-446 -448 0
-447 -448 0
-449 -450 0
-449 -451 0
-449 -452 0
-449 -453 0
-449 -454 0
-449 -455 0
-449 -456 0
-450 -451 0
-450 -452 0
-450 -453 0
-450 -454 0
-450 -455 0
-450 -456 0
-451 -452 0
-451 -453 0
-451 -454 0
-451 -455 0
-451 -456 0
-452 -453 0
-452 -454 0
-452 -455 0
-452 -456 0
-453 -454 0
-453 -455 0
-453 -456 0
-454 -455 0
-454 -456 0
-455 -456 0
-457 -458 0
-457 -459 0
-457 -460 0
-457 -461 0
-457 -462 0
-457 -463 0
-457 -464 0
-458 -459 0
-458 -460 0
-458 -461 0
-458 -462 0
-458 -463 0
-458 -464 0
-459 -460 0
-459 -461 0
-459 -462 0
-459 -463 0
-459 -464 0
-460 -461 0
-460 -462 0
-460 -463 0
-460 -464 0
-461 -462 0
-461 -463 0
-461 -464 0
-462 -463 0
-462 -464 0
-463 -464 0
-465 -466 0
-465 -467 0
-465 -468 0
-465 -469 0
-465 -470 0
-465 -471 0
-465 -472 0
-466 -467 0
-466 -468 0
-466 -469 0
-466 -470 0
-466 -471 0
-466 -472 0
-467 -468 0
-467 -469 0
-467 -470 0
-467 -471 0
-467 -472 0
-468 -469 0
-468 -470 0
-468 -471 0
-468 -472 0
-469 -470 0
-469 -471 0
-469 -472 0
-470 -471 0
-470 -472 0
-471 -472 0
-473 -474 0
-473 -475 0
-473 -476 0
-473 -477 0
-473 -478 0
-473 -479 0
-473 -480 0
-474 -475 0
-474 -476 0
-474 -477 0
-474 -478 0
-474 -479 0
-474 -480 0
-475 -476 0
-475 -477 0
-475 -478 0
-475 -479 0
-475 -480 0
-476 -477 0
-476 -478 0
-476 -479 0
-476 -480 0
-477 -478 0
-477 -479 0
-477 -480 0
-478 -479 0
-478 -480 0
-479 -480 0
-481 -482 0
-481 -483 0
-481 -484 0
-481 -485 0
-481 -486 0
-481 -487 0
-481 -488 0
-482 -483 0
-482 -484 0
-482 -485 0
-482 -486 0
-482 -487 0
-482 -488 0
-483 -484 0
-483 -485 0
-483 -486 0
-483 -487 0
-483 -488 0
-484 -485 0
-484 -486 0
-484 -487 0
-484 -488 0
-485 -486 0
-485 -487 0
-485 -488 0
-486 -487 0
-486 -488 0
-487 -488 0
-489 -490 0
-489 -491 0
-489 -492 0
-489 -493 0
-489 -494 0
-489 -495 0
-489 -496 0
-490 -491 0
-490 -492 0
-490 -493 0
-490 -494 0
-490 -495 0
-490 -496 0
-491 -492 0
-491 -493 0
-491 -494 0
-491 -495 0
-491 -496 0
-492 -493 0
-492 -494 0
-492 -495 0
-492 -496 0
-493 -494 0
-493 -495 0
-493 -496 0
-494 -495 0
-494 -496 0
-495 -496 0
-497 -498 0
-497 -499 0
-497 -500 0
-497 -501 0
-497 -502 0
-497 -503 0
-497 -504 0
-498 -499 0
-498 -500 0
-498 -501 0
-498 -502 0
-498 -503 0
-498 -504 0
-499 -500 0
-499 -501 0
-499 -502 0
-499 -503 0
-499 -504 0
-500 -501 0
-500 -502 0
-500 -503 0
-500 -504 0
-501 -502 0
-501 -503 0
-501 -504 0
-502 -503 0
-502 -504 0
-503 -504 0
-505 -506 0
-505 -507 0
-505 -508 0
-505 -509 0
-505 -510 0
-505 -511 0
-505 -512 0
-506 -507 0
-506 -508 0
-506 -509 0
-506 -510 0
-506 -511 0
-506 -512 0
-507 -508 0
-507 -509 0
-507 -510 0
-507 -511 0
-507 -512 0
-508 -509 0
-508 -510 0
-508 -511 0
-508 -512 0
-509 -510 0
-509 -511 0
-509 -512 0
-510 -511 0
-510 -512 0
-511 -512 0
-513 -514 0
-513 -515 0
-513 -516 0
-513 -517 0
-513 -518 0
-513 -519 0
-513 -520 0
-514 -515 0
-514 -516 0
-514 -517 0
-514 -518 0
-514 -519 0
-514 -520 0
-515 -516 0
-515 -517 0
-515 -518 0
-515 -519 0
-515 -520 0
-516 -517 0
-516 -518 0
-516 -519 0
-516 -520 0
-517 -518 0
-517 -519 0
-517 -520 0
-518 -519 0
-518 -520 0
-519 -520 0
-521 -522 0
-521 -523 0
-521 -524 0
-521 -525 0
-521 -526 0
-521 -527 0
-521 -528 0
-522 -523 0
-522 -524 0
-522 -525 0
-522 -526 0
-522 -527 0
-522 -528 0
-523 -524 0
-523 -525 0
-523 -526 0
-523 -527 0
-523 -528 0
-524 -525 0
-524 -526 0
-524 -527 0
-524 -528 0
-525 -526 0
-525 -527 0
-525 -528 0
-526 -527 0
-526 -528 0
-527 -528 0
-529 -530 0
-529 -531 0
-529 -532 0
-529 -533 0
-529 -534 0
-529 -535 0
-529 -536 0
-530 -531 0
-530 -532 0
-530 -533 0
-530 -534 0
-530 -535 0
-530 -536 0
-531 -532 0
-531 -533 0
-531 -534 0
-531 -535 0
-531 -536 0
-532 -533 0
-532 -534 0
-532 -535 0
-532 -536 0
-533 -534 0
-533 -535 0
-533 -536 0
-534 -535 0
-534 -536 0
-535 -536 0
-537 -538 0
-537 -539 0
-537 -540 0
-537 -541 0
-537 -542 0
-537 -543 0
-537 -544 0
-538 -539 0
-538 -540 0
-538 -541 0
-538 -542 0
-538 -543 0
-538 -544 0
-539 -540 0
-539 -541 0
-539 -542 0
-539 -543 0
-539 -544 0
-540 -541 0
-540 -542 0
-540 -543 0
-540 -544 0
-541 -542 0
-541 -543 0
-541 -544 0
-542 -543 0
-542 -544 0
-543 -544 0
-545 -546 0
-545 -547 0
-545 -548 0
-545 -549 0
-545 -550 0
-545 -551 0
-545 -552 0
-546 -547 0
-546 -548 0
-546 -549 0
-546 -550 0
-546 -551 0
-546 -552 0
-547 -548 0
-547 -549 0
-547 -550 0
-547 -551 0
-547 -552 0
-548 -549 0
-548 -550 0
-548 -551 0
-548 -552 0
-549 -550 0
-549 -551 0
-549 -552 0
-550 -551 0
-550 -552 0
-551 -552 0
-553 -554 0
-553 -555 0
-553 -556 0
-553 -557 0
-553 -558 0
-553 -559 0
-553 -560 0
-554 -555 0
-554 -556 0
-554 -557 0
-554 -558 0
-554 -559 0
-554 -560 0
-555 -556 0
-555 -557 0
-555 -558 0
-555 -559 0
-555 -560 0
-556 -557 0
-556 -558 0
-556 -559 0
-556 -560 0
-557 -558 0
-557 -559 0
-557 -560 0
-558 -559 0
-558 -560 0
-559 -560 0
-561 -562 0
-561 -563 0
-561 -564 0
-561 -565 0
-561 -566 0
-561 -567 0
-561 -568 0
-562 -563 0
-562 -564 0
-562 -565 0
-562 -566 0
-562 -567 0
-562 -568 0
-563 -564 0
-563 -565 0
-563 -566 0
-563 -567 0
-563 -568 0
-564 -565 0
-564 -566 0
-564 -567 0
-564 -568 0
-565 -566 0
-565 -567 0
-565 -568 0
-566 -567 0
-566 -568 0
-567 -568 0
-569 -570 0
-569 -571 0
-569 -572 0
-569 -573 0
-569 -574 0
-569 -575 0
-569 -576 0
-570 -571 0
-570 -572 0
-570 -573 0
-570 -574 0
-570 -575 0
-570 -576 0
-571 -572 0
-571 -573 0
-571 -574 0
-571 -575 0
-571 -576 0
-572 -573 0
-572 -574 0
-572 -575 0
-572 -576 0
-573 -574 0
-573 -575 0
-573 -576 0
-574 -575 0
-574 -576 0
-575 -576 0
-577 -578 0
-577 -579 0
-577 -580 0
-577 -581 0
-577 -582 0
-577 -583 0
-577 -584 0
-578 -579 0
-578 -580 0
-578 -581 0
-578 -582 0
-578 -583 0
-578 -584 0
-579 -580 0
-579 -581 0
-579 -582 0
-579 -583 0
-579 -584 0
-580 -581 0
-580 -582 0
-580 -583 0
-580 -584 0
-581 -582 0
-581 -583 0
-581 -584 0
-582 -583 0
-582 -584 0
-583 -584 0
-585 -586 0
-585 -587 0
-585 -588 0
-585 -589 0
-585 -590 0
-585 -591 0
-585 -592 0
-586 -587 0
-586 -588 0
-586 -589 0
-586 -590 0
-586 -591 0
-586 -592 0
-587 -588 0
-587 -589 0
-587 -590 0
-587 -591 0
-587 -592 0
-588 -589 0
-588 -590 0
-588 -591 0
-588 -592 0
-589 -590 0
-589 -591 0
-589 -592 0
-590 -591 0
-590 -592 0
-591 -592 0
-593 -594 0
-593 -595 0
-593 -596 0
-593 -597 0
-593 -598 0
-593 -599 0
-593 -600 0
-594 -595 0
-594 -596 0
-594 -597 0
-594 -598 0
-594 -599 0
-594 -600 0
-595 -596 0
-595 -597 0
-595 -598 0
-595 -599 0
-595 -600 0
-596 -597 0
-596 -598 0
-596 -599 0
-596 -600 0
-597 -598 0
-597 -599 0
-597 -600 0
-598 -599 0
-598 -600 0
-599 -600 0
-601 -602 0
-601 -603 0
-601 -604 0
-601 -605 0
-601 -606 0
-601 -607 0
-601 -608 0
-602 -603 0
-602 -604 0
-602 -605 0
-602 -606 0
-602 -607 0
-602 -608 0
-603 -604 0
-603 -605 0
-603 -606 0
-603 -607 0
-603 -608 0
-604 -605 0
-604 -606 0
-604 -607 0
-604 -608 0
-605 -606 0
-605 -607 0
-605 -608 0
-606 -607 0
-606 -608 0
-607 -608 0
-609 -610 0
-609 -611 0
-609 -612 0
-609 -613 0
-609 -614 0
-609 -615 0
-609 -616 0
-610 -611 0
-610 -612 0
-610 -613 0
-610 -614 0
-610 -615 0
-610 -616 0
-611 -612 0
-611 -613 0
-611 -614 0
-611 -615 0
-611 -616 0
-612 -613 0
-612 -614 0
-612 -615 0
-612 -616 0
-613 -614 0
-613 -615 0
-613 -616 0
-614 -615 0
-614 -616 0
-615 -616 0
-617 -618 0
-617 -619 0
-617 -620 0
-617 -621 0
-617 -622 0
-617 -623 0
-617 -624 0
-618 -619 0
-618 -620 0
-618 -621 0
-618 -622 0
-618 -623 0
-618 -624 0
-619 -620 0
-619 -621 0
-619 -622 0
-619 -623 0
-619 -624 0
-620 -621 0
-620 -622 0
-620 -623 0
-620 -624 0
-621 -622 0
-621 -623 0
-621 -624 0
-622 -623 0
-622 -624 0
-623 -624 0
-625 -626 0
-625 -627 0
-625 -628 0
-625 -629 0
-625 -630 0
-625 -631 0
-625 -632 0
-626 -627 0
-626 -628 0
-626 -629 0
-626 -630 0
-626 -631 0
-626 -632 0
-627 -628 0
-627 -629 0
-627 -630 0
-627 -631 0
-627 -632 0
-628 -629 0
-628 -630 0
-628 -631 0
-628 -632 0
-629 -630 0
-629 -631 0
-629 -632 0
-630 -631 0
-630 -632 0
-631 -632 0
-633 -634 0
-633 -635 0
-633 -636 0
-633 -637 0
-633 -638 0
-633 -639 0
-633 -640 0
-634 -635 0
-634 -636 0
-634 -637 0
-634 -638 0
-634 -639 0
-634 -640 0
-635 -636 0
-635 -637 0
-635 -638 0
-635 -639 0
-635 -640 0
-636 -637 0
-636 -638 0
-636 -639 0
-636 -640 0
-637 -638 0
-637 -639 0
-637 -640 0
-638 -639 0
-638 -640 0
-639 -640 0
-641 -642 0
-641 -643 0
-641 -644 0
-641 -645 0
-641 -646 0
-641 -647 0
-641 -648 0
-642 -643 0
-642 -644 0
-642 -645 0
-642 -646 0
-642 -647 0
-642 -648 0
-643 -644 0
-643 -645 0
-643 -646 0
-643 -647 0
-643 -648 0
-644 -645 0
-644 -646 0
-644 -647 0
-644 -648 0
-645 -646 0
-645 -647 0
-645 -648 0
-646 -647 0
-646 -648 0
-647 -648 0
-649 -650 0
-649 -651 0
-649 -652 0
-649 -653 0
-649 -654 0
-649 -655 0
-649 -656 0
-650 -651 0
-650 -652 0
-650 -653 0
-650 -654 0
-650 -655 0
-650 -656 0
-651 -652 0
-651 -653 0
-651 -654 0
-651 -655 0
-651 -656 0
-652 -653 0
-652 -654 0
-652 -655 0
-652 -656 0
-653 -654 0
-653 -655 0
-653 -656 0
-654 -655 0
-654 -656 0
-655 -656 0
-657 -658 0
-657 -659 0
-657 -660 0
-657 -661 0
-657 -662 0
-657 -663 0
-657 -664 0
-658 -659 0
-658 -660 0
-658 -661 0
-658 -662 0
-658 -663 0
-658 -664 0
-659 -660 0
-659 -661 0
-659 -662 0
-659 -663 0
-659 -664 0
-660 -661 0
-660 -662 0
-660 -663 0
-660 -664 0
-661 -662 0
-661 -663 0
-661 -664 0
-662 -663 0
-662 -664 0
-663 -664 0
-665 -666 0
-665 -667 0
-665 -668 0
-665 -669 0
-665 -670 0
-665 -671 0
-665 -672 0
-666 -667 0
-666 -668 0
-666 -669 0
-666 -670 0
-666 -671 0
-666 -672 0
-667 -668 0
-667 -669 0
-667 -670 0
-667 -671 0
-667 -672 0
-668 -669 0
-668 -670 0
-668 -671 0
-668 -672 0
-669 -670 0
-669 -671 0
-669 -672 0
-670 -671 0
-670 -672 0
-671 -672 0
-673 -674 0
-673 -675 0
-673 -676 0
-673 -677 0
-673 -678 0
-673 -679 0
-673 -680 0
-674 -675 0
-674 -676 0
-674 -677 0
-674 -678 0
-674 -679 0
-674 -680 0
-675 -676 0
-675 -677 0
-675 -678 0
-675 -679 0
-675 -680 0
-676 -677 0
-676 -678 0
-676 -679 0
-676 -680 0
-677 -678 0
-677 -679 0
-677 -680 0
-678 -679 0
-678 -680 0
-679 -680 0
-681 -682 0
-681 -683 0
-681 -684 0
-681 -685 0
-681 -686 0
-681 -687 0
-681 -688 0
-682 -683 0
-682 -684 0
-682 -685 0
-682 -686 0
-682 -687 0
-682 -688 0
-683 -684 0
-683 -685 0
-683 -686 0
-683 -687 0
-683 -688 0
-684 -685 0
-684 -686 0
-684 -687 0
-684 -688 0
-685 -686 0
-685 -687 0
-685 -688 0
-686 -687 0
-686 -688 0
-687 -688 0
-689 -690 0
-689 -691 0
-689 -692 0
-689 -693 0
-689 -694 0
-689 -695 0
-689 -696 0
-690 -691 0
-690 -692 0
-690 -693 0
-690 -694 0
-690 -695 0
-690 -696 0
-691 -692 0
-691 -693 0
-691 -694 0
-691 -695 0
-691 -696 0
-692 -693 0
-692 -694 0
-692 -695 0
-692 -696 0
-693 -694 0
-693 -695 0
-693 -696 0
-694 -695 0
-694 -696 0
-695 -696 0
-697 -698 0
-697 -699 0
-697 -700 0
-697 -701 0
-697 -702 0
-697 -703 0
-697 -704 0
-698 -699 0
-698 -700 0
-698 -701 0
-698 -702 0
-698 -703 0
-698 -704 0
-699 -700 0
-699 -701 0
-699 -702 0
-699 -703 0
-699 -704 0
-700 -701 0
-700 -702 0
-700 -703 0
-700 -704 0
-701 -702 0
-701 -703 0
-701 -704 0
-702 -703 0
-702 -704 0
-703 -704 0
-705 -706 0
-705 -707 0
-705 -708 0
-705 -709 0
-705 -710 0
-705 -711 0
-705 -712 0
-706 -707 0
-706 -708 0
-706 -709 0
-706 -710 0
-706 -711 0
-706 -712 0
-707 -708 0
-707 -709 0
-707 -710 0
-707 -711 0
-707 -712 0
-708 -709 0
-708 -710 0
-708 -711 0
-708 -712 0
-709 -710 0
-709 -711 0
-709 -712 0
-710 -711 0
-710 -712 0
-711 -712 0
-713 -714 0
-713 -715 0
-713 -716 0
-713 -717 0
-713 -718 0
-713 -719 0
-713 -720 0
-714 -715 0
-714 -716 0
-714 -717 0
-714 -718 0
-714 -719 0
-714 -720 0
-715 -716 0
-715 -717 0
-715 -718 0
-715 -719 0
-715 -720 0
-716 -717 0
-716 -718 0
-716 -719 0
-716 -720 0
-717 -718 0
-717 -719 0
-717 -720 0
-718 -719 0
-718 -720 0
-719 -720 0
-721 -722 0
-721 -723 0
-721 -724 0
-721 -725 0
-721 -726 0
-721 -727 0
-721 -728 0
-722 -723 0
-722 -724 0
-722 -725 0
-722 -726 0
-722 -727 0
-722 -728 0
-723 -724 0
-723 -725 0
-723 -726 0
-723 -727 0
-723 -728 0
-724 -725 0
-724 -726 0
-724 -727 0
-724 -728 0
-725 -726 0
-725 -727 0
-725 -728 0
-726 -727 0
-726 -728 0
-727 -728 0
-729 -730 0
-729 -731 0
-729 -732 0
-729 -733 0
-729 -734 0
-729 -735 0
-729 -736 0
-730 -731 0
-730 -732 0
-730 -733 0
-730 -734 0
-730 -735 0
-730 -736 0
-731 -732 0
-731 -733 0
-731 -734 0
-731 -735 0
-731 -736 0
-732 -733 0
-732 -734 0
-732 -735 0
-732 -736 0
-733 -734 0
-733 -735 0
-733 -736 0
-734 -735 0
-734 -736 0
-735 -736 0
-737 -738 0
-737 -739 0
-737 -740 0
-737 -741 0
-737 -742 0
-737 -743 0
-737 -744 0
-738 -739 0
-738 -740 0
-738 -741 0
-738 -742 0
-738 -743 0
-738 -744 0
-739 -740 0
-739 -741 0
-739 -742 0
-739 -743 0
-739 -744 0
-740 -741 0
-740 -742 0
-740 -743 0
-740 -744 0
-741 -742 0
-741 -743 0
-741 -744 0
-742 -743 0
-742 -744 0
-743 -744 0
-745 -746 0
-745 -747 0
-745 -748 0
-745 -749 0
-745 -750 0
-745 -751 0
-745 -752 0
-746 -747 0
-746 -748 0
-746 -749 0
-746 -750 0
-746 -751 0
-746 -752 0
-747 -748 0
-747 -749 0
-747 -750 0
-747 -751 0
-747 -752 0
-748 -749 0
-748 -750 0
-748 -751 0
-748 -752 0
-749 -750 0
-749 -751 0
-749 -752 0
-750 -751 0
-750 -752 0
-751 -752 0
-753 -754 0
-753 -755 0
-753 -756 0
-753 -757 0
-753 -758 0
-753 -759 0
-753 -760 0
-754 -755 0
-754 -756 0
-754 -757 0
-754 -758 0
-754 -759 0
-754 -760 0
-755 -756 0
-755 -757 0
-755 -758 0
-755 -759 0
-755 -760 0
-756 -757 0
-756 -758 0
-756 -759 0
-756 -760 0
-757 -758 0
-757 -759 0
-757 -760 0
-758 -759 0
-758 -760 0
-759 -760 0
-761 -762 0
-761 -763 0
-761 -764 0
-761 -765 0
-761 -766 0
-761 -767 0
-761 -768 0
-762 -763 0
-762 -764 0
-762 -765 0
-762 -766 0
-762 -767 0
-762 -768 0
-763 -764 0
-763 -765 0
-763 -766 0
-763 -767 0
-763 -768 0
-764 -765 0
-764 -766 0
-764 -767 0
-764 -768 0
-765 -766 0
-765 -767 0
-765 -768 0
-766 -767 0
-766 -768 0
-767 -768 0
-769 -770 0
-769 -771 0
-769 -772 0
-769 -773 0
-769 -774 0
-769 -775 0
-769 -776 0
-770 -771 0
-770 -772 0
-770 -773 0
-770 -774 0
-770 -775 0
-770 -776 0
-771 -772 0
-771 -773 0
-771 -774 0
-771 -775 0
-771 -776 0
-772 -773 0
-772 -774 0
-772 -775 0
-772 -776 0
-773 -774 0
-773 -775 0
-773 -776 0
-774 -775 0
-774 -776 0
-775 -776 0
-777 -778 0
-777 -779 0
-777 -780 0
-777 -781 0
-777 -782 0
-777 -783 0
-777 -784 0
-778 -779 0
-778 -780 0
-778 -781 0
-778 -782 0
-778 -783 0
-778 -784 0
-779 -780 0
-779 -781 0
-779 -782 0
-779 -783 0
-779 -784 0
-780 -781 0
-780 -782 0
-780 -783 0
-780 -784 0
-781 -782 0
-781 -783 0
-781 -784 0
-782 -783 0
-782 -784 0
-783 -784 0
-785 -786 0
-785 -787 0
-785 -788 0
-785 -789 0
-785 -790 0
-785 -791 0
-785 -792 0
-786 -787 0
-786 -788 0
-786 -789 0
-786 -790 0
-786 -791 0
-786 -792 0
-787 -788 0
-787 -789 0
-787 -790 0
-787 -791 0
-787 -792 0
-788 -789 0
-788 -790 0
-788 -791 0
-788 -792 0
-789 -790 0
-789 -791 0
-789 -792 0
-790 -791 0
-790 -792 0
-791 -792 0
-793 -794 0
-793 -795 0
-793 -796 0
-793 -797 0
-793 -798 0
-793 -799 0
-793 -800 0
-794 -795 0
-794 -796 0
-794 -797 0
-794 -798 0
-794 -799 0
-794 -800 0
-795 -796 0
-795 -797 0
-795 -798 0
-795 -799 0
-795 -800 0
-796 -797 0
-796 -798 0
-796 -799 0
-796 -800 0
-797 -798 0
-797 -799 0
-797 -800 0
-798 -799 0
-798 -800 0
-799 -800 0
